OAU1,OAU2,OAU3,MTY1,MTY2,EIN1,EIN2,EIN3,SIN1,SIN2,SIN3,EFI1,EFI2,EFI3,AFI1,AFI2,AFI3,PRICE
-0.10870121850100217,0.8281563439071418,0.9250726434665966,-0.023183986416678678,1.6677117551398746,0.277495550905783,0.6020183115518732,0.7650139062655402,0.07778923666202424,0.8083325553110501,0.7584059767501224,0.3516512043565766,0.5792576654432228,0.7136188989233967,0.38175399437127516,0.5609023056781574,0.7018714686737638,-1.215091666361957e-06
-0.9853157121879669,0.0,0.0,-1.6908957415565136,0.0,-0.4060205580029364,0.0,0.0,-0.7055800293685622,0.0,0.0,-0.29478707782672203,0.0,0.0,-0.24963289280471107,0.0,0.0,-1.2150916663817278e-06
-0.985315712187971,0.0,0.0,-1.6908957415565147,0.0,-0.40602055800293607,0.0,0.0,-0.7055800293685646,0.0,0.0,-0.2947870778267207,0.0,0.0,0.0,0.019089574155650636,0.0,-1.2150916663849016e-06
-0.9853157121879704,0.0,0.0,-1.6908957415565138,0.0,-0.40602055800293624,0.0,0.0,-0.7055800293685646,0.0,0.0,-0.2947870778267236,0.0,0.0,0.0,0.0,0.23054331864904284,-1.2150916663717666e-06
-0.9853157121879691,0.0,0.0,-1.6908957415565113,0.0,-0.40602055800293574,0.0,0.0,-0.7055800293685631,0.0,0.0,0.0,0.04662261380322894,0.0,-0.24963289280469023,0.0,0.0,-1.2150916663872108e-06
-0.9853157121879673,0.0,0.0,-1.6908957415565162,0.0,-0.40602055800293724,0.0,0.0,-0.7055800293685649,0.0,0.0,0.0,0.046622613803228644,0.0,0.0,0.01908957415565282,0.0,-1.2150916663832575e-06
-0.9853157121879644,0.0,0.0,-1.690895741556514,0.0,-0.4060205580029373,0.0,0.0,-0.705580029368564,0.0,0.0,0.0,0.04662261380322903,0.0,0.0,0.0,0.23054331864904537,-1.2150916663800189e-06
-0.9853157121879669,0.0,0.0,-1.6908957415565173,0.0,-0.4060205580029362,0.0,0.0,-0.7055800293685633,0.0,0.0,0.0,0.0,0.24816446402349285,-0.2496328928046957,0.0,0.0,-1.2150916663904414e-06
-0.9853157121879709,0.0,0.0,-1.6908957415565167,0.0,-0.4060205580029381,0.0,0.0,-0.7055800293685667,0.0,0.0,0.0,0.0,0.24816446402349432,0.0,0.01908957415564788,0.0,-1.2150916664502356e-06
-0.9853157121879658,0.0,0.0,-1.690895741556515,0.0,-0.40602055800293774,0.0,0.0,-0.7055800293685649,0.0,0.0,0.0,0.0,0.24816446402349454,0.0,0.0,0.2305433186490423,-1.215091666384303e-06
-0.985315712187968,0.0,0.0,-1.6908957415565131,0.0,-0.40602055800293757,0.0,0.0,0.0,0.3902349486049884,0.0,-0.2947870778267254,0.0,0.0,-0.24963289280472528,0.0,0.0,-1.2150916663801546e-06
-0.9853157121879699,0.0,0.0,-1.690895741556514,0.0,-0.4060205580029374,0.0,0.0,0.0,0.39023494860498686,0.0,-0.29478707782672664,0.0,0.0,0.0,0.0190895741556409,0.0,-1.2150916663851644e-06
-0.9853157121879698,0.0,0.0,-1.690895741556513,0.0,-0.4060205580029357,0.0,0.0,0.0,0.3902349486049877,0.0,-0.29478707782672514,0.0,0.0,0.0,0.0,0.2305433186490416,-1.215091666418082e-06
-0.9853157121879691,0.0,0.0,-1.6908957415565131,0.0,-0.40602055800293735,0.0,0.0,0.0,0.3902349486049878,0.0,0.0,0.0466226138032306,0.0,-0.24963289280472425,0.0,0.0,-1.2150916664156178e-06
-0.9853157121879691,0.0,0.0,-1.6908957415565131,0.0,-0.4060205580029367,0.0,0.0,0.0,0.390234948604988,0.0,0.0,0.04662261380323,0.0,0.0,0.019089574155641442,0.0,-1.2150916663860336e-06
-0.9853157121879695,0.0,0.0,-1.6908957415565136,0.0,-0.40602055800293685,0.0,0.0,0.0,0.3902349486049882,0.0,0.0,0.04662261380323075,0.0,0.0,0.0,0.2305433186490449,-1.215091666402303e-06
-0.9853157121879695,0.0,0.0,-1.6908957415565167,0.0,-0.40602055800293857,0.0,0.0,0.0,0.3902349486049894,0.0,0.0,0.0,0.2481644640234933,-0.24963289280472573,0.0,0.0,-1.2150916663863835e-06
-0.9853157121879699,0.0,0.0,-1.6908957415565145,0.0,-0.4060205580029379,0.0,0.0,0.0,0.39023494860498864,0.0,0.0,0.0,0.24816446402349301,0.0,0.01908957415565035,0.0,-1.2150916663982345e-06
-0.9853157121879699,0.0,0.0,-1.690895741556514,0.0,-0.40602055800293874,0.0,0.0,0.0,0.3902349486049901,0.0,0.0,0.0,0.2481644640234926,0.0,0.0,0.2305433186490448,-1.2150916663800057e-06
-0.985315712187972,0.0,0.0,-1.6908957415565176,0.0,-0.4060205580029387,0.0,0.0,0.0,0.0,0.31534508076358775,-0.2947870778267279,0.0,0.0,-0.24963289280472523,0.0,0.0,-1.2150916663816007e-06
-0.9853157121879694,0.0,0.0,-1.6908957415565182,0.0,-0.4060205580029387,0.0,0.0,0.0,0.0,0.3153450807635855,-0.2947870778267275,0.0,0.0,0.0,0.019089574155659667,0.0,-1.2150916663849757e-06
-0.985315712187966,0.0,0.0,-1.6908957415565167,0.0,-0.4060205580029393,0.0,0.0,0.0,0.0,0.3153450807635843,-0.2947870778267272,0.0,0.0,0.0,0.0,0.23054331864904634,-1.2150916664328949e-06
-0.9853157121879691,0.0,0.0,-1.6908957415565193,0.0,-0.4060205580029389,0.0,0.0,0.0,0.0,0.31534508076358453,0.0,0.04662261380322971,0.0,-0.24963289280472142,0.0,0.0,-1.2150916663504195e-06
-0.9853157121879703,0.0,0.0,-1.690895741556519,0.0,-0.4060205580029384,0.0,0.0,0.0,0.0,0.3153450807635812,0.0,0.046622613803227575,0.0,0.0,0.019089574155635256,0.0,-1.2150916663828024e-06
-0.9853157121879704,0.0,0.0,-1.6908957415565162,0.0,-0.406020558002938,0.0,0.0,0.0,0.0,0.3153450807635877,0.0,0.04662261380323092,0.0,0.0,0.0,0.2305433186490432,-1.21509166640838e-06
-0.9853157121879693,0.0,0.0,-1.6908957415565216,0.0,-0.4060205580029383,0.0,0.0,0.0,0.0,0.3153450807635874,0.0,0.0,0.24816446402349399,-0.2496328928047069,0.0,0.0,-1.215091666389776e-06
-0.9853157121879713,0.0,0.0,-1.690895741556518,0.0,-0.40602055800293857,0.0,0.0,0.0,0.0,0.31534508076358503,0.0,0.0,0.248164464023493,0.0,0.019089574155656718,0.0,-1.2150916663863521e-06
-0.9853157121879681,0.0,0.0,-1.6908957415565178,0.0,-0.4060205580029376,0.0,0.0,0.0,0.0,0.31534508076358353,0.0,0.0,0.2481644640234915,0.0,0.0,0.2305433186490483,-1.2150916663913011e-06
-0.9853157121879693,0.0,0.0,-1.6908957415565133,0.0,0.0,0.0807635829662478,0.0,-0.7055800293685784,0.0,0.0,-0.29478707782672925,0.0,0.0,-0.24963289280471745,0.0,0.0,-1.2150916663829468e-06
-0.9853157121879725,0.0,0.0,-1.6908957415565167,0.0,0.0,0.08076358296624227,0.0,-0.7055800293685746,0.0,0.0,-0.29478707782673125,0.0,0.0,0.0,0.019089574155681757,0.0,-1.215091666453557e-06
-0.9853157121879715,0.0,0.0,-1.6908957415565196,0.0,0.0,0.08076358296625047,0.0,-0.7055800293685758,0.0,0.0,-0.2947870778267274,0.0,0.0,0.0,0.0,0.23054331864904176,-1.2150916663899173e-06
-0.9853157121879703,0.0,0.0,-1.690895741556518,0.0,0.0,0.08076358296624225,0.0,-0.7055800293685787,0.0,0.0,0.0,0.04662261380323007,0.0,-0.24963289280470005,0.0,0.0,-1.2150916663643536e-06
-0.9853157121879722,0.0,0.0,-1.6908957415565185,0.0,0.0,0.08076358296624182,0.0,-0.7055800293685778,0.0,0.0,0.0,0.04662261380322795,0.0,0.0,0.01908957415564852,0.0,-1.215091666452587e-06
-0.9853157121879713,0.0,0.0,-1.6908957415565193,0.0,0.0,0.08076358296625069,0.0,-0.7055800293685727,0.0,0.0,0.0,0.046622613803230704,0.0,0.0,0.0,0.23054331864904246,-1.2150916663850274e-06
-0.9853157121879718,0.0,0.0,-1.690895741556519,0.0,0.0,0.08076358296624139,0.0,-0.7055800293685788,0.0,0.0,0.0,0.0,0.24816446402348968,-0.24963289280472672,0.0,0.0,-1.2150916663843214e-06
-0.9853157121879718,0.0,0.0,-1.6908957415565171,0.0,0.0,0.08076358296624826,0.0,-0.7055800293685791,0.0,0.0,0.0,0.0,0.24816446402349052,0.0,0.019089574155651143,0.0,-1.21509166638925e-06
-0.9853157121879704,0.0,0.0,-1.69089574155652,0.0,0.0,0.08076358296624736,0.0,-0.7055800293685778,0.0,0.0,0.0,0.0,0.24816446402349232,0.0,0.0,0.2305433186490423,-1.2150916663817917e-06
-0.9853157121879702,0.0,0.0,-1.6908957415565167,0.0,0.0,0.08076358296624471,0.0,0.0,0.39023494860498914,0.0,-0.29478707782673036,0.0,0.0,-0.24963289280471232,0.0,0.0,-1.2150916664887849e-06
-0.9853157121879735,0.0,0.0,-1.6908957415565158,0.0,0.0,0.08076358296624449,0.0,0.0,0.39023494860499325,0.0,-0.29478707782673114,0.0,0.0,0.0,0.019089574155651327,0.0,-1.2150916663435168e-06
-0.9853157121879714,0.0,0.0,-1.6908957415565182,0.0,0.0,0.08076358296624139,0.0,0.0,0.3902349486049888,0.0,-0.2947870778267299,0.0,0.0,0.0,0.0,0.23054331864904412,-1.2150916663869364e-06
-0.9853157121879708,0.0,0.0,-1.6908957415565173,0.0,0.0,0.08076358296623916,0.0,0.0,0.39023494860498836,0.0,0.0,0.04662261380322896,0.0,-0.24963289280473244,0.0,0.0,-1.2150916664186438e-06
-0.9853157121879715,0.0,0.0,-1.6908957415565185,0.0,0.0,0.08076358296624227,0.0,0.0,0.3902349486049918,0.0,0.0,0.046622613803228914,0.0,0.0,0.01908957415567389,0.0,-1.2150916663914335e-06
-0.9853157121879695,0.0,0.0,-1.6908957415565171,0.0,0.0,0.08076358296625002,0.0,0.0,0.3902349486049919,0.0,0.0,0.0466226138032303,0.0,0.0,0.0,0.23054331864904376,-1.215091666345576e-06
-0.9853157121879706,0.0,0.0,-1.6908957415565191,0.0,0.0,0.08076358296624227,0.0,0.0,0.3902349486049928,0.0,0.0,0.0,0.24816446402349118,-0.24963289280471843,0.0,0.0,-1.2150916663756575e-06
-0.9853157121879751,0.0,0.0,-1.6908957415565185,0.0,0.0,0.08076358296624869,0.0,0.0,0.3902349486049906,0.0,0.0,0.0,0.2481644640234911,0.0,0.01908957415565306,0.0,-1.215091666455901e-06
-0.9853157121879719,0.0,0.0,-1.690895741556519,0.0,0.0,0.08076358296624184,0.0,0.0,0.390234948604992,0.0,0.0,0.0,0.2481644640234919,0.0,0.0,0.23054331864904296,-1.2150916663392556e-06
-0.9853157121879703,0.0,0.0,-1.6908957415565211,0.0,0.0,0.08076358296624114,0.0,0.0,0.0,0.31534508076358514,-0.29478707782672897,0.0,0.0,-0.24963289280472872,0.0,0.0,-1.2150916664264947e-06
-0.9853157121879749,0.0,0.0,-1.6908957415565182,0.0,0.0,0.08076358296624472,0.0,0.0,0.0,0.31534508076358525,-0.29478707782673025,0.0,0.0,0.0,0.01908957415564943,0.0,-1.2150916663862094e-06
-0.985315712187972,0.0,0.0,-1.6908957415565193,0.0,0.0,0.08076358296624492,0.0,0.0,0.0,0.31534508076358486,-0.29478707782672575,0.0,0.0,0.0,0.0,0.23054331864904376,-1.2150916664311847e-06
-0.9853157121879708,0.0,0.0,-1.6908957415565222,0.0,0.0,0.08076358296624647,0.0,0.0,0.0,0.3153450807635862,0.0,0.04662261380323281,0.0,-0.24963289280469153,0.0,0.0,-1.2150916665009394e-06
-0.985315712187973,0.0,0.0,-1.690895741556522,0.0,0.0,0.08076358296624447,0.0,0.0,0.0,0.3153450807635852,0.0,0.046622613803231586,0.0,0.0,0.019089574155631932,0.0,-1.215091666387073e-06
-0.9853157121879716,0.0,0.0,-1.6908957415565191,0.0,0.0,0.08076358296624161,0.0,0.0,0.0,0.3153450807635853,0.0,0.04662261380323051,0.0,0.0,0.0,0.230543318649042,-1.2150916664196147e-06
-0.9853157121879729,0.0,0.0,-1.6908957415565191,0.0,0.0,0.08076358296623716,0.0,0.0,0.0,0.3153450807635861,0.0,0.0,0.24816446402349154,-0.24963289280471704,0.0,0.0,-1.2150916662641882e-06
-0.9853157121879724,0.0,0.0,-1.6908957415565198,0.0,0.0,0.08076358296623917,0.0,0.0,0.0,0.3153450807635861,0.0,0.0,0.24816446402349113,0.0,0.01908957415565058,0.0,-1.215091666374388e-06
-0.9853157121879718,0.0,0.0,-1.6908957415565238,0.0,0.0,0.08076358296624048,0.0,0.0,0.0,0.3153450807635865,0.0,0.0,0.24816446402349265,0.0,0.0,0.23054331864904168,-1.2150916663881188e-06
-0.9853157121879702,0.0,0.0,-1.6908957415565145,0.0,0.0,0.0,0.32525697503670464,-0.7055800293685708,0.0,0.0,-0.29478707782672825,0.0,0.0,-0.24963289280471318,0.0,0.0,-1.2150916664414508e-06
-0.9853157121879716,0.0,0.0,-1.6908957415565167,0.0,0.0,0.0,0.3252569750367031,-0.705580029368572,0.0,0.0,-0.29478707782672586,0.0,0.0,0.0,0.019089574155684918,0.0,-1.2150916663856715e-06
-0.9853157121879689,0.0,0.0,-1.6908957415565171,0.0,0.0,0.0,0.3252569750367082,-0.705580029368568,0.0,0.0,-0.2947870778267313,0.0,0.0,0.0,0.0,0.23054331864904343,-1.215091666383182e-06
-0.9853157121879715,0.0,0.0,-1.6908957415565133,0.0,0.0,0.0,0.32525697503670753,-0.7055800293685713,0.0,0.0,0.0,0.046622613803230135,0.0,-0.24963289280472825,0.0,0.0,-1.2150916663829422e-06
-0.9853157121879699,0.0,0.0,-1.6908957415565125,0.0,0.0,0.0,0.3252569750367073,-0.7055800293685721,0.0,0.0,0.0,0.04662261380322935,0.0,0.0,0.019089574155652014,0.0,-1.2150916664145433e-06
-0.9853157121879689,0.0,0.0,-1.6908957415565162,0.0,0.0,0.0,0.32525697503670487,-0.7055800293685712,0.0,0.0,0.0,0.046622613803229164,0.0,0.0,0.0,0.230543318649044,-1.2150916664735891e-06
-0.9853157121879752,0.0,0.0,-1.6908957415565131,0.0,0.0,0.0,0.3252569750367071,-0.7055800293685702,0.0,0.0,0.0,0.0,0.24816446402349668,-0.24963289280472584,0.0,0.0,-1.215091666365261e-06
-0.9853157121879733,0.0,0.0,-1.6908957415565136,0.0,0.0,0.0,0.325256975036706,-0.705580029368568,0.0,0.0,0.0,0.0,0.24816446402349612,0.0,0.01908957415565162,0.0,-1.2150916663663547e-06
-0.9853157121879653,0.0,0.0,-1.6908957415565153,0.0,0.0,0.0,0.32525697503670553,-0.7055800293685698,0.0,0.0,0.0,0.0,0.24816446402349562,0.0,0.0,0.23054331864904087,-1.2150916663986654e-06
-0.9853157121879689,0.0,0.0,-1.690895741556519,0.0,0.0,0.0,0.3252569750367115,0.0,0.3902349486049884,0.0,-0.294787077826735,0.0,0.0,-0.24963289280468662,0.0,0.0,-1.2150916663994746e-06
-0.9853157121879746,0.0,0.0,-1.6908957415565171,0.0,0.0,0.0,0.3252569750367102,0.0,0.3902349486049917,0.0,-0.2947870778267273,0.0,0.0,0.0,0.019089574155657745,0.0,-1.2150916664955988e-06
-0.9853157121879678,0.0,0.0,-1.6908957415565153,0.0,0.0,0.0,0.325256975036704,0.0,0.39023494860498936,0.0,-0.2947870778267346,0.0,0.0,0.0,0.0,0.2305433186490445,-1.215091666423922e-06
-0.9853157121879714,0.0,0.0,-1.6908957415565136,0.0,0.0,0.0,0.32525697503670375,0.0,0.3902349486049869,0.0,0.0,0.04662261380322912,0.0,-0.24963289280469,0.0,0.0,-1.215091666454209e-06
-0.9853157121879703,0.0,0.0,-1.6908957415565127,0.0,0.0,0.0,0.3252569750367051,0.0,0.3902349486049867,0.0,0.0,0.046622613803227596,0.0,0.0,0.019089574155650258,0.0,-1.2150916664655453e-06
-0.9853157121879715,0.0,0.0,-1.69089574155652,0.0,0.0,0.0,0.3252569750367071,0.0,0.3902349486049929,0.0,0.0,0.04662261380322638,0.0,0.0,0.0,0.23054331864904315,-1.2150916663748566e-06
-0.985315712187971,0.0,0.0,-1.690895741556515,0.0,0.0,0.0,0.32525697503670464,0.0,0.39023494860498703,0.0,0.0,0.0,0.24816446402349251,-0.24963289280468617,0.0,0.0,-1.215091666451235e-06
-0.985315712187971,0.0,0.0,-1.6908957415565127,0.0,0.0,0.0,0.32525697503670353,0.0,0.3902349486049875,0.0,0.0,0.0,0.2481644640234943,0.0,0.019089574155653717,0.0,-1.2150916664415459e-06
-0.9853157121879684,0.0,0.0,-1.690895741556513,0.0,0.0,0.0,0.32525697503670575,0.0,0.3902349486049867,0.0,0.0,0.0,0.24816446402349376,0.0,0.0,0.23054331864904057,-1.215091666387432e-06
-0.9853157121879709,0.0,0.0,-1.6908957415565176,0.0,0.0,0.0,0.3252569750367086,0.0,0.0,0.31534508076358825,-0.29478707782672675,0.0,0.0,-0.24963289280472875,0.0,0.0,-1.2150916663879691e-06
-0.9853157121879716,0.0,0.0,-1.6908957415565162,0.0,0.0,0.0,0.325256975036708,0.0,0.0,0.3153450807635872,-0.29478707782672936,0.0,0.0,0.0,0.019089574155645966,0.0,-1.2150916663839997e-06
-0.9853157121879715,0.0,0.0,-1.6908957415565125,0.0,0.0,0.0,0.32525697503670575,0.0,0.0,0.3153450807635883,-0.29478707782672553,0.0,0.0,0.0,0.0,0.2305433186490437,-1.2150916663873643e-06
-0.9853157121879742,0.0,0.0,-1.690895741556519,0.0,0.0,0.0,0.32525697503670575,0.0,0.0,0.3153450807635863,0.0,0.046622613803227124,0.0,-0.24963289280471504,0.0,0.0,-1.2150916663749663e-06
-0.9853157121879732,0.0,0.0,-1.690895741556518,0.0,0.0,0.0,0.32525697503670614,0.0,0.0,0.3153450807635854,0.0,0.04662261380322761,0.0,0.0,0.019089574155642695,0.0,-1.2150916664244542e-06
-0.9853157121879667,0.0,0.0,-1.6908957415565216,0.0,0.0,0.0,0.3252569750367086,0.0,0.0,0.31534508076358686,0.0,0.046622613803221205,0.0,0.0,0.0,0.2305433186490416,-1.2150916663882292e-06
-0.9853157121879702,0.0,0.0,-1.6908957415565162,0.0,0.0,0.0,0.3252569750367082,0.0,0.0,0.31534508076358586,0.0,0.0,0.24816446402349793,-0.24963289280472065,0.0,0.0,-1.2150916664322603e-06
-0.9853157121879734,0.0,0.0,-1.6908957415565185,0.0,0.0,0.0,0.32525697503670664,0.0,0.0,0.3153450807635854,0.0,0.0,0.24816446402349615,0.0,0.019089574155655074,0.0,-1.2150916664722885e-06
-0.9853157121879718,0.0,0.0,-1.6908957415565153,0.0,0.0,0.0,0.3252569750367071,0.0,0.0,0.3153450807635865,0.0,0.0,0.2481644640234961,0.0,0.0,0.23054331864904534,-1.2150916663792311e-06
-0.9853157121879664,0.0,0.0,0.0,1.6908957415565382,-0.40602055800293535,0.0,0.0,-0.7055800293685659,0.0,0.0,-0.2947870778267222,0.0,0.0,-0.24963289280469678,0.0,0.0,-1.2150916664611619e-06
-0.9853157121879687,0.0,0.0,0.0,1.6908957415565349,-0.406020558002932,0.0,0.0,-0.7055800293685647,0.0,0.0,-0.29478707782672126,0.0,0.0,0.0,0.019089574155662238,0.0,-1.2150916664647817e-06
-0.9853157121879698,0.0,0.0,0.0,1.6908957415565375,-0.40602055800293346,0.0,0.0,-0.7055800293685622,0.0,0.0,-0.2947870778267187,0.0,0.0,0.0,0.0,0.2305433186490508,-1.2150916665094781e-06
-0.98531571218797,0.0,0.0,0.0,1.6908957415565375,-0.40602055800293485,0.0,0.0,-0.7055800293685668,0.0,0.0,0.0,0.046622613803235485,0.0,-0.24963289280469655,0.0,0.0,-1.2150916663806317e-06
-0.9853157121879691,0.0,0.0,0.0,1.6908957415565362,-0.4060205580029346,0.0,0.0,-0.7055800293685667,0.0,0.0,0.0,0.04662261380323462,0.0,0.0,0.01908957415566386,0.0,-1.2150916664028303e-06
-0.9853157121879693,0.0,0.0,0.0,1.6908957415565384,-0.40602055800293446,0.0,0.0,-0.7055800293685676,0.0,0.0,0.0,0.04662261380323533,0.0,0.0,0.0,0.2305433186490489,-1.2150916663024243e-06
-0.9853157121879657,0.0,0.0,0.0,1.6908957415565364,-0.4060205580029295,0.0,0.0,-0.7055800293685657,0.0,0.0,0.0,0.0,0.2481644640234981,-0.24963289280469425,0.0,0.0,-1.2150916663784548e-06
-0.9853157121879709,0.0,0.0,0.0,1.6908957415565344,-0.4060205580029348,0.0,0.0,-0.7055800293685671,0.0,0.0,0.0,0.0,0.24816446402350148,0.0,0.019089574155656912,0.0,-1.2150916663853164e-06
-0.9853157121879687,0.0,0.0,0.0,1.6908957415565355,-0.40602055800293313,0.0,0.0,-0.705580029368565,0.0,0.0,0.0,0.0,0.248164464023499,0.0,0.0,0.23054331864904976,-1.2150916664474052e-06
-0.9853157121879689,0.0,0.0,0.0,1.6908957415565398,-0.4060205580029336,0.0,0.0,0.0,0.3902349486050008,0.0,-0.2947870778267217,0.0,0.0,-0.24963289280471904,0.0,0.0,-1.2150916663742586e-06
-0.9853157121879688,0.0,0.0,0.0,1.6908957415565382,-0.406020558002934,0.0,0.0,0.0,0.3902349486050018,0.0,-0.2947870778267225,0.0,0.0,0.0,0.019089574155650026,0.0,-1.215091666360065e-06
-0.9853157121879691,0.0,0.0,0.0,1.690895741556538,-0.40602055800293474,0.0,0.0,0.0,0.3902349486050053,0.0,-0.29478707782672364,0.0,0.0,0.0,0.0,0.23054331864904717,-1.2150916663864265e-06
-0.9853157121879691,0.0,0.0,0.0,1.6908957415565362,-0.4060205580029346,0.0,0.0,0.0,0.39023494860500424,0.0,0.0,0.046622613803231634,0.0,-0.2496328928047222,0.0,0.0,-1.2150916664203226e-06
-0.9853157121879688,0.0,0.0,0.0,1.6908957415565367,-0.406020558002933,0.0,0.0,0.0,0.3902349486050088,0.0,0.0,0.04662261380323178,0.0,0.0,0.01908957415563613,0.0,-1.2150916662261138e-06
-0.9853157121879691,0.0,0.0,0.0,1.690895741556535,-0.40602055800293263,0.0,0.0,0.0,0.39023494860500546,0.0,0.0,0.046622613803233945,0.0,0.0,0.0,0.2305433186490468,-1.2150916663460331e-06
-0.9853157121879695,0.0,0.0,0.0,1.690895741556538,-0.4060205580029328,0.0,0.0,0.0,0.390234948605005,0.0,0.0,0.0,0.2481644640234985,-0.2496328928047215,0.0,0.0,-1.215091666366611e-06
-0.9853157121879692,0.0,0.0,0.0,1.6908957415565389,-0.4060205580029337,0.0,0.0,0.0,0.39023494860500657,0.0,0.0,0.0,0.24816446402349882,0.0,0.019089574155663227,0.0,-1.2150916665413276e-06
-0.9853157121879718,0.0,0.0,0.0,1.6908957415565395,-0.4060205580029342,0.0,0.0,0.0,0.3902349486050041,0.0,0.0,0.0,0.24816446402349818,0.0,0.0,0.23054331864904995,-1.2150916663614216e-06
-0.9853157121879675,0.0,0.0,0.0,1.6908957415565384,-0.40602055800293496,0.0,0.0,0.0,0.0,0.31534508076358897,-0.29478707782672237,0.0,0.0,-0.2496328928047224,0.0,0.0,-1.2150916663752227e-06
-0.9853157121879689,0.0,0.0,0.0,1.690895741556541,-0.4060205580029321,0.0,0.0,0.0,0.0,0.31534508076358764,-0.294787077826722,0.0,0.0,0.0,0.01908957415566967,0.0,-1.2150916663165435e-06
-0.9853157121879669,0.0,0.0,0.0,1.690895741556541,-0.4060205580029334,0.0,0.0,0.0,0.0,0.31534508076359224,-0.2947870778267236,0.0,0.0,0.0,0.0,0.23054331864904068,-1.2150916663777446e-06
-0.9853157121879691,0.0,0.0,0.0,1.6908957415565402,-0.40602055800293313,0.0,0.0,0.0,0.0,0.3153450807635893,0.0,0.04662261380323409,0.0,-0.24963289280471787,0.0,0.0,-1.2150916663796337e-06
-0.9853157121879695,0.0,0.0,0.0,1.690895741556538,-0.40602055800293607,0.0,0.0,0.0,0.0,0.3153450807635885,0.0,0.04662261380323465,0.0,0.0,0.019089574155657284,0.0,-1.2150916663666957e-06
-0.9853157121879698,0.0,0.0,0.0,1.6908957415565384,-0.40602055800293607,0.0,0.0,0.0,0.0,0.3153450807635902,0.0,0.046622613803233674,0.0,0.0,0.0,0.23054331864904434,-1.215091666364577e-06
-0.9853157121879664,0.0,0.0,0.0,1.6908957415565362,-0.40602055800293346,0.0,0.0,0.0,0.0,0.3153450807635893,0.0,0.0,0.24816446402349596,-0.24963289280469592,0.0,0.0,-1.2150916665346773e-06
-0.9853157121879698,0.0,0.0,0.0,1.6908957415565362,-0.40602055800293474,0.0,0.0,0.0,0.0,0.31534508076358947,0.0,0.0,0.2481644640234978,0.0,0.019089574155659355,0.0,-1.2150916661970413e-06
-0.9853157121879667,0.0,0.0,0.0,1.6908957415565358,-0.4060205580029336,0.0,0.0,0.0,0.0,0.31534508076359247,0.0,0.0,0.24816446402349715,0.0,0.0,0.23054331864904645,-1.2150916663664973e-06
-0.9853157121879667,0.0,0.0,0.0,1.690895741556541,0.0,0.0807635829662529,0.0,-0.7055800293685749,0.0,0.0,-0.2947870778267258,0.0,0.0,-0.24963289280470688,0.0,0.0,-1.2150916663790645e-06
-0.9853157121879698,0.0,0.0,0.0,1.6908957415565382,0.0,0.08076358296625268,0.0,-0.7055800293685727,0.0,0.0,-0.29478707782672636,0.0,0.0,0.0,0.01908957415568144,0.0,-1.215091666376157e-06
-0.9853157121879691,0.0,0.0,0.0,1.690895741556542,0.0,0.0807635829662509,0.0,-0.7055800293685732,0.0,0.0,-0.2947870778267263,0.0,0.0,0.0,0.0,0.2305433186490444,-1.2150916665334328e-06
-0.9853157121879661,0.0,0.0,0.0,1.69089574155654,0.0,0.08076358296625001,0.0,-0.7055800293685702,0.0,0.0,0.0,0.04662261380323176,0.0,-0.2496328928046973,0.0,0.0,-1.2150916664062307e-06
-0.9853157121879692,0.0,0.0,0.0,1.6908957415565429,0.0,0.08076358296624912,0.0,-0.7055800293685718,0.0,0.0,0.0,0.04662261380323467,0.0,0.0,0.019089574155655015,0.0,-1.2150916663868872e-06
-0.9853157121879688,0.0,0.0,0.0,1.6908957415565407,0.0,0.08076358296625001,0.0,-0.7055800293685722,0.0,0.0,0.0,0.04662261380323284,0.0,0.0,0.0,0.23054331864904656,-1.2150916664993175e-06
-0.9853157121879662,0.0,0.0,0.0,1.6908957415565393,0.0,0.08076358296625269,0.0,-0.7055800293685747,0.0,0.0,0.0,0.0,0.24816446402349376,-0.24963289280472328,0.0,0.0,-1.215091666381581e-06
-0.9853157121879706,0.0,0.0,0.0,1.6908957415565402,0.0,0.08076358296625291,0.0,-0.7055800293685707,0.0,0.0,0.0,0.0,0.24816446402349482,0.0,0.01908957415565352,0.0,-1.2150916664030717e-06
-0.9853157121879689,0.0,0.0,0.0,1.6908957415565395,0.0,0.08076358296625269,0.0,-0.7055800293685727,0.0,0.0,0.0,0.0,0.24816446402349512,0.0,0.0,0.23054331864904862,-1.215091666553736e-06
-0.9853157121879679,0.0,0.0,0.0,1.690895741556536,0.0,0.08076358296625512,0.0,0.0,0.3902349486049918,0.0,-0.2947870778267205,0.0,0.0,-0.2496328928047086,0.0,0.0,-1.215091666336801e-06
-0.985315712187968,0.0,0.0,0.0,1.6908957415565349,0.0,0.0807635829662569,0.0,0.0,0.3902349486049956,0.0,-0.29478707782672214,0.0,0.0,0.0,0.019089574155655938,0.0,-1.2150916663482066e-06
-0.9853157121879688,0.0,0.0,0.0,1.6908957415565382,0.0,0.08076358296625734,0.0,0.0,0.39023494860499547,0.0,-0.29478707782672103,0.0,0.0,0.0,0.0,0.23054331864904964,-1.215091666369625e-06
-0.9853157121879682,0.0,0.0,0.0,1.6908957415565407,0.0,0.08076358296625334,0.0,0.0,0.3902349486049968,0.0,0.0,0.046622613803235215,0.0,-0.24963289280472487,0.0,0.0,-1.2150916663635282e-06
-0.9853157121879695,0.0,0.0,0.0,1.6908957415565402,0.0,0.08076358296625334,0.0,0.0,0.3902349486049968,0.0,0.0,0.046622613803234216,0.0,0.0,0.019089574155675526,0.0,-1.215091666410195e-06
-0.9853157121879664,0.0,0.0,0.0,1.6908957415565384,0.0,0.08076358296625423,0.0,0.0,0.39023494860499824,0.0,0.0,0.04662261380323325,0.0,0.0,0.0,0.23054331864904476,-1.2150916663583384e-06
-0.9853157121879668,0.0,0.0,0.0,1.690895741556537,0.0,0.08076358296625424,0.0,0.0,0.390234948605,0.0,0.0,0.0,0.24816446402349734,-0.24963289280471418,0.0,0.0,-1.2150916664019253e-06
-0.9853157121879693,0.0,0.0,0.0,1.6908957415565347,0.0,0.08076358296625623,0.0,0.0,0.39023494860500024,0.0,0.0,0.0,0.24816446402349734,0.0,0.01908957415566257,0.0,-1.215091666369654e-06
-0.985315712187968,0.0,0.0,0.0,1.6908957415565349,0.0,0.08076358296625512,0.0,0.0,0.3902349486050017,0.0,0.0,0.0,0.24816446402349723,0.0,0.0,0.23054331864905395,-1.2150916663767366e-06
-0.9853157121879691,0.0,0.0,0.0,1.690895741556538,0.0,0.08076358296625358,0.0,0.0,0.0,0.31534508076359147,-0.2947870778267234,0.0,0.0,-0.2496328928047277,0.0,0.0,-1.2150916663703457e-06
-0.9853157121879695,0.0,0.0,0.0,1.690895741556538,0.0,0.08076358296625535,0.0,0.0,0.0,0.31534508076359147,-0.2947870778267235,0.0,0.0,0.0,0.019089574155663067,0.0,-1.2150916663685399e-06
-0.985315712187968,0.0,0.0,0.0,1.6908957415565393,0.0,0.08076358296625269,0.0,0.0,0.0,0.31534508076358925,-0.2947870778267226,0.0,0.0,0.0,0.0,0.2305433186490469,-1.2150916664069907e-06
-0.985315712187967,0.0,0.0,0.0,1.6908957415565409,0.0,0.08076358296625336,0.0,0.0,0.0,0.31534508076359014,0.0,0.04662261380323436,0.0,-0.24963289280469556,0.0,0.0,-1.215091666533153e-06
-0.9853157121879712,0.0,0.0,0.0,1.6908957415565373,0.0,0.08076358296625158,0.0,0.0,0.0,0.31534508076359175,0.0,0.046622613803235166,0.0,0.0,0.0190895741556596,0.0,-1.2150916663576733e-06
-0.9853157121879694,0.0,0.0,0.0,1.6908957415565398,0.0,0.08076358296625091,0.0,0.0,0.0,0.31534508076358925,0.0,0.04662261380323369,0.0,0.0,0.0,0.2305433186490498,-1.2150916663589921e-06
-0.9853157121879663,0.0,0.0,0.0,1.690895741556537,0.0,0.08076358296625603,0.0,0.0,0.0,0.3153450807635913,0.0,0.0,0.24816446402349568,-0.24963289280470619,0.0,0.0,-1.2150916661641754e-06
-0.9853157121879706,0.0,0.0,0.0,1.6908957415565367,0.0,0.08076358296625248,0.0,0.0,0.0,0.31534508076359186,0.0,0.0,0.24816446402349543,0.0,0.019089574155660934,0.0,-1.2150916661372162e-06
-0.985315712187968,0.0,0.0,0.0,1.6908957415565353,0.0,0.08076358296625402,0.0,0.0,0.0,0.3153450807635914,0.0,0.0,0.2481644640234981,0.0,0.0,0.23054331864904695,-1.2150916663977568e-06
-0.9853157121879693,0.0,0.0,0.0,1.6908957415565362,0.0,0.0,0.3252569750367064,-0.7055800293685655,0.0,0.0,-0.2947870778267259,0.0,0.0,-0.24963289280470877,0.0,0.0,-1.215091666355956e-06
-0.9853157121879689,0.0,0.0,0.0,1.690895741556536,0.0,0.0,0.32525697503670753,-0.7055800293685671,0.0,0.0,-0.2947870778267231,0.0,0.0,0.0,0.019089574155691513,0.0,-1.2150916663735156e-06
-0.9853157121879662,0.0,0.0,0.0,1.6908957415565389,0.0,0.0,0.325256975036708,-0.705580029368564,0.0,0.0,-0.29478707782672536,0.0,0.0,0.0,0.0,0.23054331864904926,-1.215091666357597e-06
-0.9853157121879683,0.0,0.0,0.0,1.6908957415565349,0.0,0.0,0.3252569750367053,-0.705580029368566,0.0,0.0,0.0,0.04662261380323354,0.0,-0.2496328928047233,0.0,0.0,-1.215091666383625e-06
-0.985315712187968,0.0,0.0,0.0,1.6908957415565353,0.0,0.0,0.3252569750367042,-0.7055800293685685,0.0,0.0,0.0,0.046622613803233126,0.0,0.0,0.019089574155650487,0.0,-1.2150916664117383e-06
-0.9853157121879682,0.0,0.0,0.0,1.690895741556537,0.0,0.0,0.3252569750367051,-0.705580029368567,0.0,0.0,0.0,0.04662261380323485,0.0,0.0,0.0,0.2305433186490468,-1.2150916663714666e-06
-0.9853157121879697,0.0,0.0,0.0,1.6908957415565384,0.0,0.0,0.32525697503670287,-0.7055800293685638,0.0,0.0,0.0,0.0,0.24816446402349818,-0.24963289280472176,0.0,0.0,-1.2150916663592913e-06
-0.9853157121879709,0.0,0.0,0.0,1.6908957415565393,0.0,0.0,0.3252569750367051,-0.7055800293685655,0.0,0.0,0.0,0.0,0.24816446402349954,0.0,0.019089574155659417,0.0,-1.2150916663676467e-06
-0.9853157121879689,0.0,0.0,0.0,1.690895741556533,0.0,0.0,0.325256975036704,-0.7055800293685666,0.0,0.0,0.0,0.0,0.2481644640235004,0.0,0.0,0.2305433186490454,-1.2150916665060277e-06
-0.9853157121879671,0.0,0.0,0.0,1.6908957415565353,0.0,0.0,0.32525697503670303,0.0,0.3902349486049976,0.0,-0.2947870778267266,0.0,0.0,-0.24963289280468742,0.0,0.0,-1.2150916665304271e-06
-0.985315712187968,0.0,0.0,0.0,1.6908957415565384,0.0,0.0,0.3252569750367042,0.0,0.3902349486049979,0.0,-0.2947870778267228,0.0,0.0,0.0,0.0190895741556635,0.0,-1.215091666361672e-06
-0.9853157121879677,0.0,0.0,0.0,1.690895741556537,0.0,0.0,0.3252569750367053,0.0,0.39023494860499636,0.0,-0.2947870778267255,0.0,0.0,0.0,0.0,0.23054331864904593,-1.2150916663605005e-06
-0.9853157121879695,0.0,0.0,0.0,1.6908957415565347,0.0,0.0,0.3252569750367024,0.0,0.39023494860499525,0.0,0.0,0.046622613803233216,0.0,-0.24963289280468812,0.0,0.0,-1.2150916663295662e-06
-0.9853157121879694,0.0,0.0,0.0,1.6908957415565375,0.0,0.0,0.3252569750367042,0.0,0.3902349486049976,0.0,0.0,0.046622613803232536,0.0,0.0,0.019089574155656534,0.0,-1.2150916664274896e-06
-0.9853157121879693,0.0,0.0,0.0,1.6908957415565362,0.0,0.0,0.32525697503669976,0.0,0.3902349486049976,0.0,0.0,0.04662261380323257,0.0,0.0,0.0,0.2305433186490481,-1.2150916664657405e-06
-0.9853157121879702,0.0,0.0,0.0,1.6908957415565384,0.0,0.0,0.32525697503670176,0.0,0.3902349486049924,0.0,0.0,0.0,0.24816446402349737,-0.2496328928046843,0.0,0.0,-1.2150916663570198e-06
-0.9853157121879702,0.0,0.0,0.0,1.6908957415565367,0.0,0.0,0.32525697503670487,0.0,0.3902349486049966,0.0,0.0,0.0,0.2481644640234977,0.0,0.01908957415566352,0.0,-1.2150916663705113e-06
-0.9853157121879687,0.0,0.0,0.0,1.6908957415565369,0.0,0.0,0.3252569750367042,0.0,0.3902349486049948,0.0,0.0,0.0,0.24816446402349682,0.0,0.0,0.23054331864905028,-1.2150916663535154e-06
-0.9853157121879663,0.0,0.0,0.0,1.6908957415565384,0.0,0.0,0.32525697503670414,0.0,0.0,0.31534508076358847,-0.2947870778267226,0.0,0.0,-0.24963289280469683,0.0,0.0,-1.215091666549415e-06
-0.985315712187967,0.0,0.0,0.0,1.6908957415565398,0.0,0.0,0.32525697503670775,0.0,0.0,0.315345080763588,-0.29478707782672015,0.0,0.0,0.0,0.019089574155642684,0.0,-1.2150916663803778e-06
-0.985315712187968,0.0,0.0,0.0,1.6908957415565407,0.0,0.0,0.32525697503670886,0.0,0.0,0.3153450807635887,-0.2947870778267254,0.0,0.0,0.0,0.0,0.23054331864904912,-1.2150916664368325e-06
-0.9853157121879706,0.0,0.0,0.0,1.6908957415565382,0.0,0.0,0.3252569750367055,0.0,0.0,0.3153450807635902,0.0,0.04662261380323266,0.0,-0.24963289280471498,0.0,0.0,-1.2150916663616942e-06
-0.98531571218797,0.0,0.0,0.0,1.690895741556538,0.0,0.0,0.32525697503670814,0.0,0.0,0.3153450807635908,0.0,0.04662261380323315,0.0,0.0,0.01908957415565547,0.0,-1.2150916664611648e-06
-0.9853157121879669,0.0,0.0,0.0,1.6908957415565395,0.0,0.0,0.32525697503670414,0.0,0.0,0.31534508076359274,0.0,0.04662261380323092,0.0,0.0,0.0,0.23054331864905092,-1.2150916663889025e-06
-0.9853157121879691,0.0,0.0,0.0,1.6908957415565335,0.0,0.0,0.32525697503670775,0.0,0.0,0.31534508076359213,0.0,0.0,0.2481644640234982,-0.24963289280472348,0.0,0.0,-1.2150916666141475e-06
-0.9853157121879668,0.0,0.0,0.0,1.690895741556537,0.0,0.0,0.3252569750367073,0.0,0.0,0.3153450807635914,0.0,0.0,0.24816446402349793,0.0,0.019089574155659407,0.0,-1.2150916661873233e-06
-0.9853157121879698,0.0,0.0,0.0,1.6908957415565358,0.0,0.0,0.32525697503670503,0.0,0.0,0.3153450807635925,0.0,0.0,0.24816446402349812,0.0,0.0,0.23054331864904765,-1.2150916663543243e-06
0.0,0.41997063142435315,0.0,-1.6908957415565604,0.0,-0.4060205580029314,0.0,0.0,-0.7055800293685659,0.0,0.0,-0.29478707782672575,0.0,0.0,-0.24963289280472223,0.0,0.0,-1.2150916663568303e-06
0.0,0.419970631424356,0.0,-1.6908957415565629,0.0,-0.4060205580029287,0.0,0.0,-0.7055800293685647,0.0,0.0,-0.29478707782672436,0.0,0.0,0.0,0.019089574155683565,0.0,-1.2150916663516142e-06
0.0,0.41997063142435914,0.0,-1.690895741556558,0.0,-0.4060205580029289,0.0,0.0,-0.7055800293685601,0.0,0.0,-0.2947870778267218,0.0,0.0,0.0,0.0,0.23054331864904995,-1.215091666386426e-06
0.0,0.41997063142435564,0.0,-1.6908957415565569,0.0,-0.4060205580029288,0.0,0.0,-0.7055800293685645,0.0,0.0,0.0,0.04662261380323173,0.0,-0.2496328928047036,0.0,0.0,-1.2150916662799229e-06
0.0,0.41997063142435487,0.0,-1.6908957415565589,0.0,-0.4060205580029301,0.0,0.0,-0.7055800293685633,0.0,0.0,0.0,0.046622613803231724,0.0,0.0,0.019089574155645442,0.0,-1.2150916663866984e-06
0.0,0.41997063142435515,0.0,-1.6908957415565575,0.0,-0.40602055800293246,0.0,0.0,-0.7055800293685616,0.0,0.0,0.0,0.04662261380322969,0.0,0.0,0.0,0.2305433186490456,-1.2150916663555515e-06
0.0,0.41997063142435265,0.0,-1.6908957415565593,0.0,-0.40602055800293013,0.0,0.0,-0.7055800293685676,0.0,0.0,0.0,0.0,0.24816446402349468,-0.24963289280472073,0.0,0.0,-1.2150916663889093e-06
0.0,0.419970631424351,0.0,-1.6908957415565573,0.0,-0.4060205580029295,0.0,0.0,-0.7055800293685673,0.0,0.0,0.0,0.0,0.24816446402349682,0.0,0.01908957415563439,0.0,-1.2150916663258263e-06
0.0,0.41997063142435226,0.0,-1.6908957415565538,0.0,-0.4060205580029299,0.0,0.0,-0.705580029368569,0.0,0.0,0.0,0.0,0.24816446402349643,0.0,0.0,0.23054331864904745,-1.215091666313674e-06
0.0,0.4199706314243577,0.0,-1.6908957415565633,0.0,-0.40602055800293024,0.0,0.0,0.0,0.39023494860499625,0.0,-0.2947870778267195,0.0,0.0,-0.24963289280469803,0.0,0.0,-1.2150916663880532e-06
0.0,0.4199706314243577,0.0,-1.6908957415565655,0.0,-0.4060205580029283,0.0,0.0,0.0,0.39023494860499525,0.0,-0.29478707782672087,0.0,0.0,0.0,0.019089574155633542,0.0,-1.2150916664915636e-06
0.0,0.4199706314243567,0.0,-1.6908957415565646,0.0,-0.406020558002931,0.0,0.0,0.0,0.3902349486049959,0.0,-0.29478707782672026,0.0,0.0,0.0,0.0,0.23054331864904493,-1.2150916663066275e-06
0.0,0.41997063142435687,0.0,-1.690895741556558,0.0,-0.4060205580029315,0.0,0.0,0.0,0.39023494860499747,0.0,0.0,0.04662261380322945,0.0,-0.2496328928047244,0.0,0.0,-1.2150916663474411e-06
0.0,0.41997063142435787,0.0,-1.6908957415565575,0.0,-0.4060205580029292,0.0,0.0,0.0,0.39023494860499824,0.0,0.0,0.046622613803228664,0.0,0.0,0.0190895741556795,0.0,-1.2150916663311847e-06
0.0,0.41997063142435653,0.0,-1.690895741556557,0.0,-0.4060205580029294,0.0,0.0,0.0,0.3902349486049977,0.0,0.0,0.04662261380322681,0.0,0.0,0.0,0.2305433186490489,-1.2150916663901335e-06
0.0,0.4199706314243565,0.0,-1.6908957415565593,0.0,-0.40602055800293163,0.0,0.0,0.0,0.390234948604997,0.0,0.0,0.0,0.2481644640234961,-0.24963289280472406,0.0,0.0,-1.2150916663661978e-06
0.0,0.41997063142435864,0.0,-1.6908957415565586,0.0,-0.4060205580029315,0.0,0.0,0.0,0.3902349486049968,0.0,0.0,0.0,0.24816446402349604,0.0,0.0190895741556543,0.0,-1.2150916663905992e-06
0.0,0.4199706314243579,0.0,-1.6908957415565629,0.0,-0.4060205580029321,0.0,0.0,0.0,0.390234948604996,0.0,0.0,0.0,0.24816446402349446,0.0,0.0,0.23054331864904584,-1.215091666369223e-06
0.0,0.41997063142435787,0.0,-1.6908957415565593,0.0,-0.4060205580029299,0.0,0.0,0.0,0.0,0.315345080763583,-0.2947870778267231,0.0,0.0,-0.24963289280472273,0.0,0.0,-1.2150916663915188e-06
0.0,0.41997063142435526,0.0,-1.6908957415565617,0.0,-0.40602055800292874,0.0,0.0,0.0,0.0,0.31534508076358425,-0.29478707782672336,0.0,0.0,0.0,0.01908957415566677,0.0,-1.2150916662886348e-06
0.0,0.41997063142435503,0.0,-1.6908957415565584,0.0,-0.4060205580029323,0.0,0.0,0.0,0.0,0.31534508076358425,-0.2947870778267231,0.0,0.0,0.0,0.0,0.23054331864904973,-1.2150916663444814e-06
0.0,0.41997063142435725,0.0,-1.6908957415565595,0.0,-0.4060205580029303,0.0,0.0,0.0,0.0,0.3153450807635838,0.0,0.0466226138032297,0.0,-0.24963289280469678,0.0,0.0,-1.215091666393739e-06
0.0,0.4199706314243559,0.0,-1.6908957415565584,0.0,-0.4060205580029289,0.0,0.0,0.0,0.0,0.31534508076358375,0.0,0.0466226138032308,0.0,0.0,0.01908957415566895,0.0,-1.215091666400809e-06
0.0,0.41997063142435387,0.0,-1.6908957415565586,0.0,-0.4060205580029294,0.0,0.0,0.0,0.0,0.31534508076358375,0.0,0.04662261380323043,0.0,0.0,0.0,0.2305433186490482,-1.2150916663772836e-06
0.0,0.41997063142435503,0.0,-1.6908957415565582,0.0,-0.4060205580029305,0.0,0.0,0.0,0.0,0.315345080763584,0.0,0.0,0.248164464023497,-0.24963289280469064,0.0,0.0,-1.2150916663878027e-06
0.0,0.41997063142435337,0.0,-1.6908957415565582,0.0,-0.40602055800293135,0.0,0.0,0.0,0.0,0.31534508076358436,0.0,0.0,0.2481644640234974,0.0,0.019089574155647722,0.0,-1.2150916663144848e-06
0.0,0.41997063142435437,0.0,-1.6908957415565573,0.0,-0.4060205580029312,0.0,0.0,0.0,0.0,0.31534508076358636,0.0,0.0,0.24816446402349548,0.0,0.0,0.23054331864904837,-1.215091666562718e-06
0.0,0.41997063142435825,0.0,-1.69089574155656,0.0,0.0,0.08076358296620488,0.0,-0.7055800293685676,0.0,0.0,-0.2947870778267282,0.0,0.0,-0.24963289280470216,0.0,0.0,-1.2150916663624313e-06
0.0,0.41997063142435703,0.0,-1.6908957415565615,0.0,0.0,0.08076358296620466,0.0,-0.705580029368566,0.0,0.0,-0.29478707782673014,0.0,0.0,0.0,0.01908957415563396,0.0,-1.2150916663718446e-06
0.0,0.4199706314243553,0.0,-1.690895741556562,0.0,0.0,0.08076358296620509,0.0,-0.7055800293685668,0.0,0.0,-0.29478707782672614,0.0,0.0,0.0,0.0,0.23054331864904884,-1.2150916662897669e-06
0.0,0.4199706314243581,0.0,-1.6908957415565615,0.0,0.0,0.0807635829662084,0.0,-0.705580029368568,0.0,0.0,0.0,0.046622613803233154,0.0,-0.24963289280472484,0.0,0.0,-1.215091666367011e-06
0.0,0.41997063142435714,0.0,-1.6908957415565637,0.0,0.0,0.08076358296620575,0.0,-0.7055800293685673,0.0,0.0,0.0,0.04662261380323003,0.0,0.0,0.019089574155683818,0.0,-1.2150916663719145e-06
0.0,0.41997063142435703,0.0,-1.6908957415565575,0.0,0.0,0.08076358296620242,0.0,-0.7055800293685697,0.0,0.0,0.0,0.0466226138032308,0.0,0.0,0.0,0.23054331864905087,-1.215091666296898e-06
0.0,0.4199706314243565,0.0,-1.6908957415565606,0.0,0.0,0.08076358296620176,0.0,-0.7055800293685687,0.0,0.0,0.0,0.0,0.24816446402349657,-0.2496328928047111,0.0,0.0,-1.2150916663878876e-06
0.0,0.4199706314243567,0.0,-1.69089574155656,0.0,0.0,0.08076358296620931,0.0,-0.7055800293685678,0.0,0.0,0.0,0.0,0.24816446402349635,0.0,0.01908957415566316,0.0,-1.2150916663681862e-06
0.0,0.41997063142435775,0.0,-1.6908957415565575,0.0,0.0,0.080763582966204,0.0,-0.7055800293685693,0.0,0.0,0.0,0.0,0.2481644640234948,0.0,0.0,0.23054331864904906,-1.21509166631163e-06
0.0,0.4199706314243569,0.0,-1.6908957415565606,0.0,0.0,0.08076358296620555,0.0,0.0,0.39023494860499625,0.0,-0.29478707782672603,0.0,0.0,-0.2496328928047288,0.0,0.0,-1.2150916663861156e-06
0.0,0.4199706314243567,0.0,-1.6908957415565606,0.0,0.0,0.08076358296621065,0.0,0.0,0.3902349486049977,0.0,-0.29478707782672403,0.0,0.0,0.0,0.019089574155638517,0.0,-1.2150916663988086e-06
0.0,0.4199706314243556,0.0,-1.690895741556558,0.0,0.0,0.08076358296620643,0.0,0.0,0.3902349486049997,0.0,-0.29478707782672553,0.0,0.0,0.0,0.0,0.2305433186490464,-1.2150916663904981e-06
0.0,0.4199706314243581,0.0,-1.6908957415565578,0.0,0.0,0.08076358296620156,0.0,0.0,0.3902349486049986,0.0,0.0,0.04662261380322921,0.0,-0.24963289280472417,0.0,0.0,-1.2150916662788099e-06
0.0,0.4199706314243543,0.0,-1.6908957415565582,0.0,0.0,0.08076358296620556,0.0,0.0,0.390234948604998,0.0,0.0,0.04662261380322977,0.0,0.0,0.019089574155657263,0.0,-1.215091666390831e-06
0.0,0.41997063142435564,0.0,-1.6908957415565569,0.0,0.0,0.08076358296620846,0.0,0.0,0.39023494860499447,0.0,0.0,0.04662261380322855,0.0,0.0,0.0,0.23054331864904878,-1.215091666266606e-06
0.0,0.4199706314243575,0.0,-1.690895741556562,0.0,0.0,0.08076358296620577,0.0,0.0,0.3902349486049969,0.0,0.0,0.0,0.2481644640234962,-0.24963289280472362,0.0,0.0,-1.2150916663016814e-06
0.0,0.4199706314243561,0.0,-1.690895741556562,0.0,0.0,0.08076358296620777,0.0,0.0,0.3902349486049988,0.0,0.0,0.0,0.24816446402349837,0.0,0.019089574155649384,0.0,-1.2150916662708137e-06
0.0,0.4199706314243565,0.0,-1.690895741556559,0.0,0.0,0.08076358296620577,0.0,0.0,0.3902349486049967,0.0,0.0,0.0,0.24816446402349854,0.0,0.0,0.23054331864904756,-1.2150916662760462e-06
0.0,0.41997063142435664,0.0,-1.690895741556559,0.0,0.0,0.08076358296620777,0.0,0.0,0.0,0.31534508076358503,-0.29478707782672237,0.0,0.0,-0.24963289280471027,0.0,0.0,-1.2150916664447248e-06
0.0,0.41997063142435265,0.0,-1.690895741556556,0.0,0.0,0.08076358296621063,0.0,0.0,0.0,0.3153450807635845,-0.29478707782672453,0.0,0.0,0.0,0.019089574155631617,0.0,-1.2150916663885394e-06
0.0,0.41997063142435553,0.0,-1.6908957415565569,0.0,0.0,0.08076358296620777,0.0,0.0,0.0,0.31534508076358386,-0.29478707782672514,0.0,0.0,0.0,0.0,0.23054331864904842,-1.2150916663907732e-06
0.0,0.41997063142435553,0.0,-1.690895741556557,0.0,0.0,0.08076358296620996,0.0,0.0,0.0,0.3153450807635867,0.0,0.04662261380323178,0.0,-0.24963289280472514,0.0,0.0,-1.2150916663986566e-06
0.0,0.4199706314243548,0.0,-1.6908957415565562,0.0,0.0,0.08076358296620108,0.0,0.0,0.0,0.3153450807635864,0.0,0.04662261380323068,0.0,0.0,0.019089574155634014,0.0,-1.2150916663220503e-06
0.0,0.4199706314243537,0.0,-1.690895741556556,0.0,0.0,0.08076358296619687,0.0,0.0,0.0,0.3153450807635868,0.0,0.04662261380322959,0.0,0.0,0.0,0.2305433186490518,-1.215091666391179e-06
0.0,0.4199706314243554,0.0,-1.6908957415565598,0.0,0.0,0.08076358296620666,0.0,0.0,0.0,0.3153450807635858,0.0,0.0,0.24816446402349662,-0.2496328928046975,0.0,0.0,-1.2150916663904708e-06
0.0,0.4199706314243543,0.0,-1.6908957415565595,0.0,0.0,0.08076358296621089,0.0,0.0,0.0,0.31534508076358503,0.0,0.0,0.24816446402349937,0.0,0.019089574155653308,0.0,-1.2150916662526099e-06
0.0,0.41997063142435587,0.0,-1.6908957415565582,0.0,0.0,0.08076358296621045,0.0,0.0,0.0,0.3153450807635861,0.0,0.0,0.24816446402349762,0.0,0.0,0.23054331864905026,-1.2150916663916819e-06
0.0,0.4199706314243574,0.0,-1.690895741556556,0.0,0.0,0.0,0.3252569750367006,-0.7055800293685971,0.0,0.0,-0.2947870778267226,0.0,0.0,-0.2496328928047126,0.0,0.0,-1.2150916663951373e-06
0.0,0.4199706314243593,0.0,-1.6908957415565566,0.0,0.0,0.0,0.32525697503670103,-0.7055800293685995,0.0,0.0,-0.2947870778267228,0.0,0.0,0.0,0.019089574155633247,0.0,-1.215091666304197e-06
0.0,0.4199706314243591,0.0,-1.6908957415565569,0.0,0.0,0.0,0.3252569750366999,-0.7055800293685973,0.0,0.0,-0.29478707782672436,0.0,0.0,0.0,0.0,0.23054331864904862,-1.2150916662664807e-06
0.0,0.41997063142435903,0.0,-1.690895741556558,0.0,0.0,0.0,0.3252569750367017,-0.705580029368596,0.0,0.0,0.0,0.046622613803233175,0.0,-0.24963289280472678,0.0,0.0,-1.2150916665288578e-06
0.0,0.4199706314243577,0.0,-1.6908957415565586,0.0,0.0,0.0,0.3252569750366995,-0.705580029368598,0.0,0.0,0.0,0.04662261380323288,0.0,0.0,0.01908957415565844,0.0,-1.2150916664039234e-06
0.0,0.41997063142435825,0.0,-1.6908957415565575,0.0,0.0,0.0,0.3252569750366988,-0.7055800293685986,0.0,0.0,0.0,0.04662261380323192,0.0,0.0,0.0,0.2305433186490495,-1.2150916663892121e-06
0.0,0.4199706314243556,0.0,-1.6908957415565582,0.0,0.0,0.0,0.32525697503670237,-0.7055800293685958,0.0,0.0,0.0,0.0,0.24816446402349623,-0.2496328928047134,0.0,0.0,-1.215091666412154e-06
0.0,0.4199706314243584,0.0,-1.6908957415565582,0.0,0.0,0.0,0.3252569750367046,-0.7055800293685981,0.0,0.0,0.0,0.0,0.24816446402349707,0.0,0.019089574155666623,0.0,-1.2150916662760428e-06
0.0,0.41997063142435853,0.0,-1.6908957415565584,0.0,0.0,0.0,0.3252569750367019,-0.7055800293685991,0.0,0.0,0.0,0.0,0.24816446402349576,0.0,0.0,0.23054331864904984,-1.2150916664406582e-06
0.0,0.4199706314243562,0.0,-1.6908957415565562,0.0,0.0,0.0,0.32525697503669904,0.0,0.3902349486050006,0.0,-0.2947870778267304,0.0,0.0,-0.2496328928047258,0.0,0.0,-1.2150916663899065e-06
0.0,0.4199706314243567,0.0,-1.6908957415565575,0.0,0.0,0.0,0.3252569750367017,0.0,0.39023494860499924,0.0,-0.29478707782672636,0.0,0.0,0.0,0.01908957415563257,0.0,-1.2150916663905238e-06
0.0,0.4199706314243576,0.0,-1.6908957415565582,0.0,0.0,0.0,0.3252569750366995,0.0,0.39023494860499913,0.0,-0.2947870778267269,0.0,0.0,0.0,0.0,0.23054331864904679,-1.215091666391123e-06
0.0,0.41997063142435626,0.0,-1.6908957415565578,0.0,0.0,0.0,0.32525697503670237,0.0,0.3902349486049986,0.0,0.0,0.046622613803229934,0.0,-0.2496328928047214,0.0,0.0,-1.2150916663534356e-06
0.0,0.41997063142435687,0.0,-1.6908957415565575,0.0,0.0,0.0,0.3252569750367006,0.0,0.3902349486049967,0.0,0.0,0.04662261380323238,0.0,0.0,0.019089574155651136,0.0,-1.215091666391449e-06
0.0,0.41997063142435526,0.0,-1.6908957415565578,0.0,0.0,0.0,0.3252569750367006,0.0,0.39023494860499613,0.0,0.0,0.046622613803233494,0.0,0.0,0.0,0.23054331864904723,-1.2150916664343471e-06
0.0,0.41997063142435664,0.0,-1.69089574155656,0.0,0.0,0.0,0.32525697503670103,0.0,0.39023494860499747,0.0,0.0,0.0,0.24816446402349698,-0.24963289280470466,0.0,0.0,-1.2150916663371812e-06
0.0,0.41997063142435687,0.0,-1.6908957415565615,0.0,0.0,0.0,0.3252569750367006,0.0,0.39023494860499613,0.0,0.0,0.0,0.24816446402349804,0.0,0.019089574155659282,0.0,-1.2150916663919589e-06
0.0,0.4199706314243575,0.0,-1.6908957415565595,0.0,0.0,0.0,0.3252569750367019,0.0,0.3902349486049957,0.0,0.0,0.0,0.24816446402349557,0.0,0.0,0.23054331864904654,-1.2150916663749077e-06
0.0,0.41997063142435787,0.0,-1.6908957415565609,0.0,0.0,0.0,0.3252569750367028,0.0,0.0,0.31534508076358453,-0.2947870778267244,0.0,0.0,-0.24963289280472684,0.0,0.0,-1.2150916663851265e-06
0.0,0.4199706314243571,0.0,-1.6908957415565615,0.0,0.0,0.0,0.3252569750367017,0.0,0.0,0.31534508076358475,-0.29478707782672264,0.0,0.0,0.0,0.019089574155655084,0.0,-1.215091666320248e-06
0.0,0.419970631424356,0.0,-1.6908957415565613,0.0,0.0,0.0,0.3252569750367037,0.0,0.0,0.3153450807635839,-0.294787077826724,0.0,0.0,0.0,0.0,0.2305433186490518,-1.2150916663652007e-06
0.0,0.419970631424359,0.0,-1.6908957415565575,0.0,0.0,0.0,0.3252569750367037,0.0,0.0,0.31534508076358286,0.0,0.046622613803230205,0.0,-0.24963289280472378,0.0,0.0,-1.215091666356083e-06
0.0,0.41997063142435753,0.0,-1.6908957415565598,0.0,0.0,0.0,0.32525697503670237,0.0,0.0,0.31534508076358475,0.0,0.04662261380323105,0.0,0.0,0.019089574155661964,0.0,-1.2150916663836865e-06
0.0,0.41997063142435687,0.0,-1.690895741556558,0.0,0.0,0.0,0.32525697503670237,0.0,0.0,0.31534508076358614,0.0,0.04662261380323145,0.0,0.0,0.0,0.23054331864904862,-1.2150916663437887e-06
0.0,0.41997063142435925,0.0,-1.6908957415565586,0.0,0.0,0.0,0.32525697503669776,0.0,0.0,0.3153450807635866,0.0,0.0,0.248164464023498,-0.24963289280470108,0.0,0.0,-1.2150916663675404e-06
0.0,0.41997063142435614,0.0,-1.690895741556558,0.0,0.0,0.0,0.3252569750366988,0.0,0.0,0.31534508076358597,0.0,0.0,0.24816446402349862,0.0,0.019089574155633476,0.0,-1.21509166643313e-06
0.0,0.4199706314243568,0.0,-1.6908957415565606,0.0,0.0,0.0,0.3252569750366955,0.0,0.0,0.3153450807635851,0.0,0.0,0.24816446402349618,0.0,0.0,0.23054331864904987,-1.2150916664343215e-06
0.0,0.4199706314243668,0.0,0.0,1.690895741556522,-0.4060205580029328,0.0,0.0,-0.7055800293685731,0.0,0.0,-0.29478707782673075,0.0,0.0,-0.2496328928047313,0.0,0.0,-1.2150916663515355e-06
0.0,0.4199706314243672,0.0,0.0,1.6908957415565298,-0.40602055800293707,0.0,0.0,-0.7055800293685743,0.0,0.0,-0.2947870778267289,0.0,0.0,0.0,0.019089574155686153,0.0,-1.2150916663744382e-06
0.0,0.41997063142436564,0.0,0.0,1.6908957415565242,-0.4060205580029381,0.0,0.0,-0.7055800293685759,0.0,0.0,-0.29478707782672686,0.0,0.0,0.0,0.0,0.23054331864904082,-1.215091666247441e-06
0.0,0.41997063142436675,0.0,0.0,1.6908957415565258,-0.40602055800293496,0.0,0.0,-0.7055800293685717,0.0,0.0,0.0,0.046622613803224876,0.0,-0.2496328928047081,0.0,0.0,-1.2150916663654497e-06
0.0,0.4199706314243701,0.0,0.0,1.6908957415565236,-0.40602055800293185,0.0,0.0,-0.7055800293685742,0.0,0.0,0.0,0.046622613803226146,0.0,0.0,0.019089574155650667,0.0,-1.2150916663644875e-06
0.0,0.4199706314243637,0.0,0.0,1.6908957415565309,-0.40602055800293774,0.0,0.0,-0.7055800293685722,0.0,0.0,0.0,0.04662261380322503,0.0,0.0,0.0,0.23054331864904087,-1.2150916665670187e-06
0.0,0.41997063142436303,0.0,0.0,1.6908957415565304,-0.406020558002933,0.0,0.0,-0.7055800293685757,0.0,0.0,0.0,0.0,0.24816446402349085,-0.24963289280472992,0.0,0.0,-1.2150916663726918e-06
0.0,0.4199706314243709,0.0,0.0,1.690895741556526,-0.4060205580029353,0.0,0.0,-0.7055800293685706,0.0,0.0,0.0,0.0,0.24816446402348816,0.0,0.01908957415562843,0.0,-1.2150916663603637e-06
0.0,0.41997063142436825,0.0,0.0,1.6908957415565267,-0.4060205580029339,0.0,0.0,-0.7055800293685709,0.0,0.0,0.0,0.0,0.248164464023488,0.0,0.0,0.23054331864904265,-1.2150916662519411e-06
0.0,0.41997063142436736,0.0,0.0,1.6908957415565269,-0.4060205580029355,0.0,0.0,0.0,0.3902349486049969,0.0,-0.2947870778267321,0.0,0.0,-0.24963289280469902,0.0,0.0,-1.2150916663793328e-06
0.0,0.41997063142436664,0.0,0.0,1.6908957415565253,-0.40602055800293,0.0,0.0,0.0,0.39023494860499647,0.0,-0.29478707782673375,0.0,0.0,0.0,0.019089574155631017,0.0,-1.2150916662873696e-06
0.0,0.4199706314243667,0.0,0.0,1.6908957415565278,-0.40602055800293063,0.0,0.0,0.0,0.39023494860500046,0.0,-0.29478707782673536,0.0,0.0,0.0,0.0,0.23054331864904018,-1.2150916663521062e-06
0.0,0.4199706314243666,0.0,0.0,1.6908957415565327,-0.4060205580029306,0.0,0.0,0.0,0.390234948604997,0.0,0.0,0.04662261380322985,0.0,-0.24963289280472795,0.0,0.0,-1.2150916662910438e-06
0.0,0.4199706314243666,0.0,0.0,1.6908957415565329,-0.40602055800293213,0.0,0.0,0.0,0.3902349486050017,0.0,0.0,0.046622613803231835,0.0,0.0,0.019089574155673097,0.0,-1.2150916663506997e-06
0.0,0.41997063142436514,0.0,0.0,1.6908957415565304,-0.40602055800293313,0.0,0.0,0.0,0.3902349486049989,0.0,0.0,0.04662261380322945,0.0,0.0,0.0,0.23054331864904534,-1.215091666339877e-06
0.0,0.41997063142436464,0.0,0.0,1.6908957415565335,-0.4060205580029325,0.0,0.0,0.0,0.3902349486049958,0.0,0.0,0.0,0.24816446402349532,-0.24963289280472808,0.0,0.0,-1.215091666373521e-06
0.0,0.41997063142436664,0.0,0.0,1.6908957415565313,-0.4060205580029323,0.0,0.0,0.0,0.3902349486049979,0.0,0.0,0.0,0.24816446402349193,0.0,0.019089574155651542,0.0,-1.215091666356875e-06
0.0,0.4199706314243674,0.0,0.0,1.6908957415565322,-0.4060205580029331,0.0,0.0,0.0,0.3902349486049977,0.0,0.0,0.0,0.24816446402349357,0.0,0.0,0.23054331864904443,-1.21509166629482e-06
0.0,0.4199706314243632,0.0,0.0,1.6908957415565253,-0.40602055800293324,0.0,0.0,0.0,0.0,0.31534508076358103,-0.2947870778267307,0.0,0.0,-0.24963289280473042,0.0,0.0,-1.2150916663546951e-06
0.0,0.4199706314243664,0.0,0.0,1.690895741556523,-0.40602055800293246,0.0,0.0,0.0,0.0,0.3153450807635781,-0.2947870778267305,0.0,0.0,0.0,0.019089574155651125,0.0,-1.2150916663519878e-06
0.0,0.4199706314243692,0.0,0.0,1.6908957415565287,-0.4060205580029301,0.0,0.0,0.0,0.0,0.3153450807635796,-0.2947870778267283,0.0,0.0,0.0,0.0,0.23054331864904193,-1.2150916663529161e-06
0.0,0.4199706314243665,0.0,0.0,1.690895741556529,-0.40602055800293274,0.0,0.0,0.0,0.0,0.31534508076357837,0.0,0.046622613803231426,0.0,-0.24963289280470116,0.0,0.0,-1.2150916663344963e-06
0.0,0.41997063142436647,0.0,0.0,1.6908957415565253,-0.406020558002931,0.0,0.0,0.0,0.0,0.3153450807635815,0.0,0.0466226138032315,0.0,0.0,0.019089574155682625,0.0,-1.2150916663472815e-06
0.0,0.41997063142436464,0.0,0.0,1.690895741556526,-0.4060205580029319,0.0,0.0,0.0,0.0,0.3153450807635808,0.0,0.04662261380323,0.0,0.0,0.0,0.23054331864904495,-1.2150916662483427e-06
0.0,0.4199706314243691,0.0,0.0,1.6908957415565316,-0.40602055800293446,0.0,0.0,0.0,0.0,0.3153450807635777,0.0,0.0,0.2481644640234916,-0.24963289280470058,0.0,0.0,-1.2150916662944027e-06
0.0,0.4199706314243692,0.0,0.0,1.6908957415565273,-0.40602055800293063,0.0,0.0,0.0,0.0,0.3153450807635789,0.0,0.0,0.24816446402349238,0.0,0.019089574155656583,0.0,-1.2150916663962785e-06
0.0,0.4199706314243674,0.0,0.0,1.690895741556529,-0.4060205580029315,0.0,0.0,0.0,0.0,0.3153450807635786,0.0,0.0,0.24816446402349246,0.0,0.0,0.23054331864904376,-1.2150916663470458e-06
0.0,0.41997063142436464,0.0,0.0,1.690895741556533,0.0,0.08076358296620444,0.0,-0.70558002936857,0.0,0.0,-0.2947870778267261,0.0,0.0,-0.24963289280470877,0.0,0.0,-1.215091666357409e-06
0.0,0.41997063142436425,0.0,0.0,1.6908957415565322,0.0,0.08076358296620355,0.0,-0.7055800293685731,0.0,0.0,-0.29478707782673,0.0,0.0,0.0,0.019089574155630274,0.0,-1.215091666361666e-06
0.0,0.41997063142436236,0.0,0.0,1.6908957415565327,0.0,0.08076358296620266,0.0,-0.7055800293685716,0.0,0.0,-0.2947870778267273,0.0,0.0,0.0,0.0,0.23054331864904345,-1.2150916663479136e-06
0.0,0.41997063142436847,0.0,0.0,1.6908957415565333,0.0,0.08076358296620666,0.0,-0.7055800293685741,0.0,0.0,0.0,0.046622613803227464,0.0,-0.24963289280472128,0.0,0.0,-1.2150916663557215e-06
0.0,0.4199706314243682,0.0,0.0,1.690895741556529,0.0,0.08076358296620133,0.0,-0.7055800293685752,0.0,0.0,0.0,0.046622613803229164,0.0,0.0,0.01908957415567323,0.0,-1.215091666357285e-06
0.0,0.4199706314243676,0.0,0.0,1.69089574155653,0.0,0.08076358296619977,0.0,-0.7055800293685751,0.0,0.0,0.0,0.04662261380322738,0.0,0.0,0.0,0.23054331864904276,-1.2150916663549986e-06
0.0,0.41997063142436764,0.0,0.0,1.6908957415565327,0.0,0.08076358296620044,0.0,-0.7055800293685747,0.0,0.0,0.0,0.0,0.24816446402349046,-0.2496328928047214,0.0,0.0,-1.215091666358009e-06
0.0,0.4199706314243685,0.0,0.0,1.6908957415565242,0.0,0.08076358296620355,0.0,-0.7055800293685762,0.0,0.0,0.0,0.0,0.24816446402349054,0.0,0.019089574155667585,0.0,-1.2150916663551049e-06
0.0,0.4199706314243681,0.0,0.0,1.6908957415565304,0.0,0.08076358296620355,0.0,-0.7055800293685758,0.0,0.0,0.0,0.0,0.24816446402349204,0.0,0.0,0.23054331864904556,-1.2150916664057958e-06
0.0,0.41997063142436214,0.0,0.0,1.6908957415565309,0.0,0.08076358296620711,0.0,0.0,0.3902349486049939,0.0,-0.29478707782672936,0.0,0.0,-0.24963289280472978,0.0,0.0,-1.2150916663520308e-06
0.0,0.41997063142436863,0.0,0.0,1.6908957415565293,0.0,0.08076358296620977,0.0,0.0,0.3902349486049912,0.0,-0.2947870778267308,0.0,0.0,0.0,0.019089574155630746,0.0,-1.2150916663641599e-06
0.0,0.41997063142436664,0.0,0.0,1.6908957415565313,0.0,0.08076358296619934,0.0,0.0,0.3902349486049916,0.0,-0.2947870778267301,0.0,0.0,0.0,0.0,0.23054331864904218,-1.2150916663517131e-06
0.0,0.419970631424365,0.0,0.0,1.6908957415565318,0.0,0.080763582966206,0.0,0.0,0.3902349486049942,0.0,0.0,0.04662261380323128,0.0,-0.24963289280472642,0.0,0.0,-1.215091666319717e-06
0.0,0.4199706314243654,0.0,0.0,1.6908957415565287,0.0,0.08076358296620156,0.0,0.0,0.39023494860499425,0.0,0.0,0.04662261380323115,0.0,0.0,0.019089574155647285,0.0,-1.2150916663475246e-06
0.0,0.4199706314243669,0.0,0.0,1.690895741556531,0.0,0.08076358296620201,0.0,0.0,0.39023494860499736,0.0,0.0,0.04662261380323173,0.0,0.0,0.0,0.230543318649044,-1.2150916663357974e-06
0.0,0.41997063142436614,0.0,0.0,1.6908957415565313,0.0,0.08076358296620645,0.0,0.0,0.39023494860499636,0.0,0.0,0.0,0.24816446402349565,-0.2496328928047171,0.0,0.0,-1.2150916663461666e-06
0.0,0.4199706314243687,0.0,0.0,1.69089574155653,0.0,0.08076358296620599,0.0,0.0,0.3902349486049939,0.0,0.0,0.0,0.24816446402349557,0.0,0.019089574155645682,0.0,-1.2150916663011584e-06
0.0,0.4199706314243689,0.0,0.0,1.6908957415565316,0.0,0.08076358296620378,0.0,0.0,0.39023494860499597,0.0,0.0,0.0,0.24816446402349596,0.0,0.0,0.23054331864904254,-1.2150916663251758e-06
0.0,0.41997063142436897,0.0,0.0,1.6908957415565309,0.0,0.08076358296620378,0.0,0.0,0.0,0.31534508076357787,-0.2947870778267268,0.0,0.0,-0.24963289280472228,0.0,0.0,-1.2150916663528435e-06
0.0,0.41997063142436825,0.0,0.0,1.6908957415565278,0.0,0.08076358296620222,0.0,0.0,0.0,0.315345080763582,-0.2947870778267296,0.0,0.0,0.0,0.019089574155684134,0.0,-1.2150916663499397e-06
0.0,0.41997063142436697,0.0,0.0,1.6908957415565304,0.0,0.08076358296619777,0.0,0.0,0.0,0.3153450807635785,-0.2947870778267301,0.0,0.0,0.0,0.0,0.23054331864904415,-1.2150916662416173e-06
0.0,0.41997063142436486,0.0,0.0,1.690895741556533,0.0,0.08076358296620265,0.0,0.0,0.0,0.31534508076358153,0.0,0.046622613803230885,0.0,-0.24963289280472867,0.0,0.0,-1.2150916663928383e-06
0.0,0.4199706314243701,0.0,0.0,1.6908957415565233,0.0,0.08076358296619955,0.0,0.0,0.0,0.31534508076357914,0.0,0.04662261380323212,0.0,0.0,0.01908957415563342,0.0,-1.2150916663466839e-06
0.0,0.41997063142436913,0.0,0.0,1.6908957415565313,0.0,0.08076358296619822,0.0,0.0,0.0,0.31534508076357926,0.0,0.046622613803230475,0.0,0.0,0.0,0.23054331864904448,-1.2150916663783763e-06
0.0,0.41997063142436664,0.0,0.0,1.6908957415565293,0.0,0.08076358296620001,0.0,0.0,0.0,0.3153450807635804,0.0,0.0,0.24816446402349396,-0.24963289280470524,0.0,0.0,-1.2150916663821606e-06
0.0,0.419970631424368,0.0,0.0,1.6908957415565238,0.0,0.08076358296620692,0.0,0.0,0.0,0.3153450807635802,0.0,0.0,0.24816446402349446,0.0,0.01908957415565717,0.0,-1.215091666399754e-06
0.0,0.4199706314243665,0.0,0.0,1.6908957415565304,0.0,0.08076358296620424,0.0,0.0,0.0,0.31534508076357926,0.0,0.0,0.24816446402349196,0.0,0.0,0.23054331864904148,-1.215091666341778e-06
0.0,0.41997063142436136,0.0,0.0,1.6908957415565338,0.0,0.0,0.325256975036702,-0.7055800293685894,0.0,0.0,-0.2947870778267267,0.0,0.0,-0.24963289280471418,0.0,0.0,-1.2150916663455707e-06
0.0,0.4199706314243601,0.0,0.0,1.690895741556533,0.0,0.0,0.3252569750367019,-0.705580029368589,0.0,0.0,-0.2947870778267301,0.0,0.0,0.0,0.019089574155638594,0.0,-1.2150916663565393e-06
0.0,0.41997063142436125,0.0,0.0,1.690895741556532,0.0,0.0,0.3252569750367037,-0.7055800293685907,0.0,0.0,-0.2947870778267321,0.0,0.0,0.0,0.0,0.23054331864904642,-1.2150916663639676e-06
0.0,0.419970631424362,0.0,0.0,1.690895741556535,0.0,0.0,0.32525697503670525,-0.7055800293685931,0.0,0.0,0.0,0.04662261380323086,0.0,-0.24963289280472747,0.0,0.0,-1.2150916663575494e-06
0.0,0.4199706314243597,0.0,0.0,1.6908957415565349,0.0,0.0,0.32525697503670303,-0.7055800293685877,0.0,0.0,0.0,0.04662261380323167,0.0,0.0,0.019089574155670464,0.0,-1.2150916663546422e-06
0.0,0.41997063142436,0.0,0.0,1.6908957415565364,0.0,0.0,0.3252569750367015,-0.7055800293685898,0.0,0.0,0.0,0.046622613803231946,0.0,0.0,0.0,0.2305433186490463,-1.2150916663031805e-06
0.0,0.4199706314243618,0.0,0.0,1.6908957415565353,0.0,0.0,0.3252569750367102,-0.7055800293685898,0.0,0.0,0.0,0.0,0.24816446402349418,-0.2496328928047208,0.0,0.0,-1.2150916663301619e-06
0.0,0.4199706314243613,0.0,0.0,1.690895741556533,0.0,0.0,0.32525697503670437,-0.7055800293685907,0.0,0.0,0.0,0.0,0.24816446402349315,0.0,0.019089574155667956,0.0,-1.2150916663523262e-06
0.0,0.41997063142436025,0.0,0.0,1.6908957415565349,0.0,0.0,0.32525697503670636,-0.7055800293685902,0.0,0.0,0.0,0.0,0.24816446402349268,0.0,0.0,0.23054331864904695,-1.2150916663594235e-06
0.0,0.419970631424362,0.0,0.0,1.6908957415565362,0.0,0.0,0.32525697503670636,0.0,0.39023494860499536,0.0,-0.2947870778267269,0.0,0.0,-0.24963289280471362,0.0,0.0,-1.2150916663475671e-06
0.0,0.4199706314243625,0.0,0.0,1.6908957415565347,0.0,0.0,0.3252569750367035,0.0,0.39023494860499336,0.0,-0.29478707782672603,0.0,0.0,0.0,0.019089574155645054,0.0,-1.2150916663460586e-06
0.0,0.419970631424363,0.0,0.0,1.6908957415565333,0.0,0.0,0.32525697503670237,0.0,0.3902349486049939,0.0,-0.2947870778267253,0.0,0.0,0.0,0.0,0.2305433186490456,-1.2150916663442027e-06
0.0,0.41997063142436436,0.0,0.0,1.690895741556532,0.0,0.0,0.32525697503670614,0.0,0.3902349486049926,0.0,0.0,0.04662261380323071,0.0,-0.2496328928047288,0.0,0.0,-1.2150916663457032e-06
0.0,0.4199706314243712,0.0,0.0,1.690895741556532,0.0,0.0,0.3252569750367006,0.0,0.3902349486049909,0.0,0.0,0.04662261380322926,0.0,0.0,0.01908957415566642,0.0,-1.2150916663427928e-06
0.0,0.4199706314243682,0.0,0.0,1.690895741556529,0.0,0.0,0.3252569750367039,0.0,0.39023494860499286,0.0,0.0,0.04662261380322969,0.0,0.0,0.0,0.2305433186490448,-1.2150916663911713e-06
0.0,0.4199706314243682,0.0,0.0,1.690895741556534,0.0,0.0,0.32525697503670614,0.0,0.39023494860498853,0.0,0.0,0.0,0.24816446402349515,-0.24963289280470838,0.0,0.0,-1.2150916663438455e-06
0.0,0.4199706314243678,0.0,0.0,1.690895741556533,0.0,0.0,0.32525697503670326,0.0,0.3902349486049938,0.0,0.0,0.0,0.24816446402349754,0.0,0.01908957415564893,0.0,-1.2150916663379118e-06
0.0,0.4199706314243626,0.0,0.0,1.6908957415565335,0.0,0.0,0.32525697503670237,0.0,0.3902349486049939,0.0,0.0,0.0,0.24816446402349931,0.0,0.0,0.23054331864905012,-1.2150916663383343e-06
0.0,0.41997063142436464,0.0,0.0,1.690895741556533,0.0,0.0,0.3252569750367088,0.0,0.0,0.3153450807635817,-0.2947870778267283,0.0,0.0,-0.2496328928047292,0.0,0.0,-1.2150916663502005e-06
0.0,0.41997063142436813,0.0,0.0,1.6908957415565307,0.0,0.0,0.32525697503670437,0.0,0.0,0.3153450807635827,-0.2947870778267291,0.0,0.0,0.0,0.01908957415567279,0.0,-1.2150916662860202e-06
0.0,0.41997063142436625,0.0,0.0,1.690895741556527,0.0,0.0,0.32525697503670303,0.0,0.0,0.31534508076358314,-0.29478707782673014,0.0,0.0,0.0,0.0,0.23054331864904204,-1.215091666347045e-06
0.0,0.41997063142436714,0.0,0.0,1.69089574155653,0.0,0.0,0.3252569750367028,0.0,0.0,0.31534508076358087,0.0,0.046622613803231246,0.0,-0.24963289280471856,0.0,0.0,-1.21509166637709e-06
0.0,0.4199706314243678,0.0,0.0,1.6908957415565307,0.0,0.0,0.3252569750367035,0.0,0.0,0.3153450807635816,0.0,0.04662261380323094,0.0,0.0,0.019089574155662776,0.0,-1.2150916663454157e-06
0.0,0.41997063142436647,0.0,0.0,1.6908957415565309,0.0,0.0,0.3252569750367057,0.0,0.0,0.3153450807635824,0.0,0.046622613803230566,0.0,0.0,0.0,0.23054331864904617,-1.2150916663413207e-06
0.0,0.4199706314243655,0.0,0.0,1.6908957415565318,0.0,0.0,0.32525697503670264,0.0,0.0,0.3153450807635824,0.0,0.0,0.24816446402349385,-0.24963289280470113,0.0,0.0,-1.2150916663443357e-06
0.0,0.41997063142436586,0.0,0.0,1.6908957415565322,0.0,0.0,0.3252569750367039,0.0,0.0,0.31534508076358125,0.0,0.0,0.24816446402349288,0.0,0.019089574155630475,0.0,-1.2150916663414283e-06
0.0,0.4199706314243643,0.0,0.0,1.6908957415565318,0.0,0.0,0.3252569750367026,0.0,0.0,0.3153450807635813,0.0,0.0,0.24816446402349301,0.0,0.0,0.23054331864904518,-1.215091666339142e-06
0.0,0.0,0.5653450807635851,-1.6908957415565145,0.0,-0.4060205580029508,0.0,0.0,-0.7055800293685727,0.0,0.0,-0.294787077826727,0.0,0.0,-0.2496328928046887,0.0,0.0,-1.2150916665152259e-06
0.0,0.0,0.5653450807635856,-1.6908957415565142,0.0,-0.406020558002952,0.0,0.0,-0.7055800293685744,0.0,0.0,-0.29478707782672714,0.0,0.0,0.0,0.01908957415564664,0.0,-1.2150916663731185e-06
0.0,0.0,0.5653450807635838,-1.6908957415565118,0.0,-0.4060205580029518,0.0,0.0,-0.7055800293685744,0.0,0.0,-0.29478707782672603,0.0,0.0,0.0,0.0,0.23054331864904276,-1.21509166625227e-06
0.0,0.0,0.5653450807635814,-1.6908957415565136,0.0,-0.406020558002951,0.0,0.0,-0.7055800293685748,0.0,0.0,0.0,0.0466226138032277,0.0,-0.2496328928047164,0.0,0.0,-1.2150916663857054e-06
0.0,0.0,0.5653450807635849,-1.690895741556514,0.0,-0.40602055800295134,0.0,0.0,-0.7055800293685739,0.0,0.0,0.0,0.04662261380322914,0.0,0.0,0.019089574155652395,0.0,-1.215091666249721e-06
0.0,0.0,0.5653450807635855,-1.6908957415565178,0.0,-0.40602055800294956,0.0,0.0,-0.7055800293685749,0.0,0.0,0.0,0.04662261380322777,0.0,0.0,0.0,0.23054331864904085,-1.2150916663778335e-06
0.0,0.0,0.5653450807635828,-1.6908957415565142,0.0,-0.40602055800294884,0.0,0.0,-0.7055800293685761,0.0,0.0,0.0,0.0,0.24816446402349013,-0.24963289280470896,0.0,0.0,-1.2150916662466167e-06
0.0,0.0,0.5653450807635835,-1.690895741556515,0.0,-0.4060205580029491,0.0,0.0,-0.7055800293685789,0.0,0.0,0.0,0.0,0.24816446402349135,0.0,0.01908957415564019,0.0,-1.2150916665305506e-06
0.0,0.0,0.5653450807635826,-1.690895741556515,0.0,-0.4060205580029497,0.0,0.0,-0.7055800293685762,0.0,0.0,0.0,0.0,0.24816446402349254,0.0,0.0,0.23054331864903957,-1.2150916663668632e-06
0.0,0.0,0.5653450807635841,-1.6908957415565131,0.0,-0.40602055800295045,0.0,0.0,0.0,0.39023494860500585,0.0,-0.29478707782672675,0.0,0.0,-0.2496328928047263,0.0,0.0,-1.2150916664169925e-06
0.0,0.0,0.5653450807635853,-1.690895741556516,0.0,-0.4060205580029516,0.0,0.0,0.0,0.3902349486050054,0.0,-0.2947870778267269,0.0,0.0,0.0,0.019089574155665354,0.0,-1.2150916663863523e-06
0.0,0.0,0.5653450807635827,-1.6908957415565182,0.0,-0.40602055800294906,0.0,0.0,0.0,0.3902349486050048,0.0,-0.29478707782672825,0.0,0.0,0.0,0.0,0.2305433186490452,-1.215091666428897e-06
0.0,0.0,0.5653450807635844,-1.6908957415565171,0.0,-0.40602055800294956,0.0,0.0,0.0,0.39023494860500263,0.0,0.0,0.04662261380323015,0.0,-0.24963289280469275,0.0,0.0,-1.2150916663889159e-06
0.0,0.0,0.5653450807635861,-1.6908957415565173,0.0,-0.406020558002949,0.0,0.0,0.0,0.39023494860500485,0.0,0.0,0.04662261380322924,0.0,0.0,0.019089574155646282,0.0,-1.2150916664247574e-06
0.0,0.0,0.5653450807635881,-1.690895741556516,0.0,-0.4060205580029485,0.0,0.0,0.0,0.3902349486050026,0.0,0.0,0.04662261380322769,0.0,0.0,0.0,0.23054331864904395,-1.2150916663905022e-06
0.0,0.0,0.5653450807635843,-1.6908957415565165,0.0,-0.4060205580029466,0.0,0.0,0.0,0.3902349486050045,0.0,0.0,0.0,0.248164464023492,-0.24963289280469828,0.0,0.0,-1.215091666422536e-06
0.0,0.0,0.5653450807635834,-1.6908957415565176,0.0,-0.406020558002947,0.0,0.0,0.0,0.3902349486050049,0.0,0.0,0.0,0.24816446402349226,0.0,0.019089574155643385,0.0,-1.2150916662440328e-06
0.0,0.0,0.5653450807635851,-1.6908957415565153,0.0,-0.40602055800295084,0.0,0.0,0.0,0.39023494860500485,0.0,0.0,0.0,0.24816446402349093,0.0,0.0,0.23054331864904076,-1.2150916663910097e-06
0.0,0.0,0.5653450807635834,-1.6908957415565156,0.0,-0.40602055800295067,0.0,0.0,0.0,0.0,0.315345080763581,-0.29478707782673047,0.0,0.0,-0.24963289280473178,0.0,0.0,-1.2150916662327893e-06
0.0,0.0,0.5653450807635865,-1.6908957415565151,0.0,-0.4060205580029511,0.0,0.0,0.0,0.0,0.3153450807635815,-0.29478707782672847,0.0,0.0,0.0,0.01908957415564492,0.0,-1.2150916663845456e-06
0.0,0.0,0.5653450807635819,-1.6908957415565162,0.0,-0.4060205580029501,0.0,0.0,0.0,0.0,0.3153450807635832,-0.294787077826729,0.0,0.0,0.0,0.0,0.230543318649045,-1.2150916663704472e-06
0.0,0.0,0.5653450807635824,-1.6908957415565167,0.0,-0.4060205580029506,0.0,0.0,0.0,0.0,0.31534508076358125,0.0,0.046622613803226874,0.0,-0.24963289280472392,0.0,0.0,-1.2150916663991379e-06
0.0,0.0,0.5653450807635859,-1.690895741556513,0.0,-0.406020558002952,0.0,0.0,0.0,0.0,0.31534508076357964,0.0,0.04662261380322374,0.0,0.0,0.019089574155643534,0.0,-1.2150916664303428e-06
0.0,0.0,0.5653450807635788,-1.6908957415565193,0.0,-0.40602055800295045,0.0,0.0,0.0,0.0,0.315345080763583,0.0,0.046622613803229816,0.0,0.0,0.0,0.23054331864904185,-1.2150916663903512e-06
0.0,0.0,0.5653450807635829,-1.6908957415565136,0.0,-0.40602055800294923,0.0,0.0,0.0,0.0,0.31534508076357953,0.0,0.0,0.24816446402349604,-0.24963289280473214,0.0,0.0,-1.2150916662058047e-06
0.0,0.0,0.5653450807635841,-1.690895741556515,0.0,-0.4060205580029499,0.0,0.0,0.0,0.0,0.31534508076358203,0.0,0.0,0.24816446402349027,0.0,0.019089574155642716,0.0,-1.215091666247011e-06
0.0,0.0,0.5653450807635824,-1.6908957415565153,0.0,-0.4060205580029498,0.0,0.0,0.0,0.0,0.3153450807635848,0.0,0.0,0.24816446402348852,0.0,0.0,0.23054331864904348,-1.215091666352233e-06
0.0,0.0,0.5653450807635793,-1.6908957415565118,0.0,0.0,0.08076358296624603,0.0,-0.7055800293685707,0.0,0.0,-0.2947870778267258,0.0,0.0,-0.24963289280472867,0.0,0.0,-1.2150916663964924e-06
0.0,0.0,0.5653450807635797,-1.6908957415565153,0.0,0.0,0.08076358296624575,0.0,-0.705580029368572,0.0,0.0,-0.29478707782672803,0.0,0.0,0.0,0.01908957415564397,0.0,-1.215091666218493e-06
0.0,0.0,0.5653450807635806,-1.6908957415565156,0.0,0.0,0.08076358296624356,0.0,-0.7055800293685707,0.0,0.0,-0.294787077826727,0.0,0.0,0.0,0.0,0.23054331864904695,-1.215091666388094e-06
0.0,0.0,0.5653450807635805,-1.6908957415565147,0.0,0.0,0.08076358296624556,0.0,-0.7055800293685718,0.0,0.0,0.0,0.046622613803228755,0.0,-0.24963289280473203,0.0,0.0,-1.2150916662323196e-06
0.0,0.0,0.5653450807635805,-1.690895741556515,0.0,0.0,0.0807635829662522,0.0,-0.7055800293685701,0.0,0.0,0.0,0.04662261380322818,0.0,0.0,0.019089574155664722,0.0,-1.2150916662649575e-06
0.0,0.0,0.5653450807635781,-1.6908957415565171,0.0,0.0,0.08076358296624732,0.0,-0.7055800293685724,0.0,0.0,0.0,0.04662261380323019,0.0,0.0,0.0,0.23054331864904165,-1.2150916664296383e-06
0.0,0.0,0.5653450807635817,-1.6908957415565107,0.0,0.0,0.08076358296624982,0.0,-0.7055800293685729,0.0,0.0,0.0,0.0,0.24816446402349185,-0.24963289280471906,0.0,0.0,-1.2150916663833498e-06
0.0,0.0,0.5653450807635788,-1.690895741556515,0.0,0.0,0.0807635829662482,0.0,-0.705580029368574,0.0,0.0,0.0,0.0,0.24816446402349135,0.0,0.019089574155676678,0.0,-1.2150916663889282e-06
0.0,0.0,0.5653450807635807,-1.6908957415565193,0.0,0.0,0.08076358296624625,0.0,-0.7055800293685733,0.0,0.0,0.0,0.0,0.24816446402349207,0.0,0.0,0.23054331864903876,-1.2150916664126406e-06
0.0,0.0,0.5653450807635799,-1.6908957415565158,0.0,0.0,0.0807635829662418,0.0,0.0,0.39023494860500124,0.0,-0.29478707782672725,0.0,0.0,-0.24963289280472967,0.0,0.0,-1.2150916663896522e-06
0.0,0.0,0.5653450807635797,-1.690895741556514,0.0,0.0,0.08076358296624377,0.0,0.0,0.3902349486050037,0.0,-0.29478707782672514,0.0,0.0,0.0,0.01908957415564409,0.0,-1.215091666399624e-06
0.0,0.0,0.5653450807635815,-1.6908957415565176,0.0,0.0,0.08076358296624887,0.0,0.0,0.3902349486050027,0.0,-0.2947870778267262,0.0,0.0,0.0,0.0,0.23054331864904296,-1.2150916663511696e-06
0.0,0.0,0.5653450807635806,-1.6908957415565158,0.0,0.0,0.08076358296624823,0.0,0.0,0.390234948605001,0.0,0.0,0.04662261380323061,0.0,-0.24963289280472134,0.0,0.0,-1.2150916663905155e-06
0.0,0.0,0.5653450807635774,-1.6908957415565153,0.0,0.0,0.08076358296624976,0.0,0.0,0.3902349486049999,0.0,0.0,0.04662261380323118,0.0,0.0,0.019089574155647073,0.0,-1.2150916664305478e-06
0.0,0.0,0.5653450807635776,-1.690895741556515,0.0,0.0,0.08076358296624975,0.0,0.0,0.39023494860500224,0.0,0.0,0.04662261380323299,0.0,0.0,0.0,0.23054331864904296,-1.2150916662396672e-06
0.0,0.0,0.5653450807635827,-1.6908957415565185,0.0,0.0,0.0807635829662467,0.0,0.0,0.390234948605002,0.0,0.0,0.0,0.24816446402348943,-0.24963289280471593,0.0,0.0,-1.2150916663883554e-06
0.0,0.0,0.5653450807635793,-1.6908957415565162,0.0,0.0,0.0807635829662531,0.0,0.0,0.390234948605003,0.0,0.0,0.0,0.24816446402349066,0.0,0.019089574155643968,0.0,-1.2150916663851474e-06
0.0,0.0,0.5653450807635796,-1.6908957415565153,0.0,0.0,0.0807635829662511,0.0,0.0,0.3902349486050037,0.0,0.0,0.0,0.2481644640234902,0.0,0.0,0.2305433186490437,-1.2150916664589852e-06
0.0,0.0,0.5653450807635834,-1.690895741556515,0.0,0.0,0.08076358296624846,0.0,0.0,0.0,0.31534508076358037,-0.2947870778267309,0.0,0.0,-0.24963289280471712,0.0,0.0,-1.2150916663940982e-06
0.0,0.0,0.565345080763582,-1.6908957415565198,0.0,0.0,0.080763582966242,0.0,0.0,0.0,0.3153450807635809,-0.29478707782672925,0.0,0.0,0.0,0.01908957415568076,0.0,-1.215091666398859e-06
0.0,0.0,0.5653450807635795,-1.6908957415565107,0.0,0.0,0.08076358296624535,0.0,0.0,0.0,0.31534508076358214,-0.2947870778267292,0.0,0.0,0.0,0.0,0.23054331864904182,-1.2150916663992433e-06
0.0,0.0,0.5653450807635831,-1.6908957415565136,0.0,0.0,0.08076358296624625,0.0,0.0,0.0,0.3153450807635766,0.0,0.04662261380322296,0.0,-0.24963289280468573,0.0,0.0,-1.2150916662454327e-06
0.0,0.0,0.5653450807635804,-1.690895741556516,0.0,0.0,0.08076358296624733,0.0,0.0,0.0,0.31534508076358003,0.0,0.04662261380322719,0.0,0.0,0.019089574155636037,0.0,-1.2150916663782075e-06
0.0,0.0,0.5653450807635826,-1.690895741556518,0.0,0.0,0.08076358296624268,0.0,0.0,0.0,0.31534508076357903,0.0,0.046622613803225625,0.0,0.0,0.0,0.23054331864904265,-1.2150916663865347e-06
0.0,0.0,0.5653450807635821,-1.690895741556519,0.0,0.0,0.08076358296624382,0.0,0.0,0.0,0.3153450807635794,0.0,0.0,0.2481644640234906,-0.24963289280470738,0.0,0.0,-1.2150916663846036e-06
0.0,0.0,0.5653450807635801,-1.6908957415565185,0.0,0.0,0.08076358296624203,0.0,0.0,0.0,0.31534508076358037,0.0,0.0,0.24816446402349154,0.0,0.019089574155642462,0.0,-1.2150916665468767e-06
0.0,0.0,0.5653450807635817,-1.6908957415565167,0.0,0.0,0.08076358296624314,0.0,0.0,0.0,0.31534508076358264,0.0,0.0,0.24816446402349332,0.0,0.0,0.23054331864904218,-1.2150916663693911e-06
0.0,0.0,0.5653450807635831,-1.6908957415565096,0.0,0.0,0.0,0.3252569750367017,-0.705580029368582,0.0,0.0,-0.2947870778267307,0.0,0.0,-0.24963289280473253,0.0,0.0,-1.2150916663912111e-06
0.0,0.0,0.5653450807635839,-1.6908957415565125,0.0,0.0,0.0,0.32525697503670215,-0.7055800293685813,0.0,0.0,-0.29478707782672964,0.0,0.0,0.0,0.01908957415564609,0.0,-1.215091666388115e-06
0.0,0.0,0.5653450807635825,-1.6908957415565156,0.0,0.0,0.0,0.3252569750366997,-0.7055800293685818,0.0,0.0,-0.2947870778267296,0.0,0.0,0.0,0.0,0.23054331864904462,-1.21509166637758e-06
0.0,0.0,0.5653450807635844,-1.690895741556514,0.0,0.0,0.0,0.3252569750366988,-0.7055800293685853,0.0,0.0,0.0,0.046622613803227304,0.0,-0.2496328928047308,0.0,0.0,-1.2150916663903158e-06
0.0,0.0,0.5653450807635899,-1.6908957415565142,0.0,0.0,0.0,0.32525697503669837,-0.7055800293685816,0.0,0.0,0.0,0.0466226138032295,0.0,0.0,0.01908957415564433,0.0,-1.2150916663927565e-06
0.0,0.0,0.5653450807635809,-1.6908957415565145,0.0,0.0,0.0,0.3252569750366986,-0.705580029368581,0.0,0.0,0.0,0.046622613803231475,0.0,0.0,0.0,0.23054331864904326,-1.2150916663681356e-06
0.0,0.0,0.5653450807635833,-1.690895741556512,0.0,0.0,0.0,0.3252569750366946,-0.7055800293685834,0.0,0.0,0.0,0.0,0.24816446402349313,-0.24963289280469683,0.0,0.0,-1.2150916663880864e-06
0.0,0.0,0.5653450807635827,-1.6908957415565116,0.0,0.0,0.0,0.3252569750366948,-0.7055800293685849,0.0,0.0,0.0,0.0,0.24816446402349207,0.0,0.019089574155642018,0.0,-1.2150916662344842e-06
0.0,0.0,0.565345080763583,-1.6908957415565127,0.0,0.0,0.0,0.32525697503669615,-0.7055800293685849,0.0,0.0,0.0,0.0,0.2481644640234938,0.0,0.0,0.23054331864904143,-1.2150916662598016e-06
0.0,0.0,0.5653450807635818,-1.6908957415565145,0.0,0.0,0.0,0.3252569750366995,0.0,0.39023494860498253,0.0,-0.29478707782673075,0.0,0.0,-0.2496328928047061,0.0,0.0,-1.2150916662578145e-06
0.0,0.0,0.565345080763579,-1.6908957415565131,0.0,0.0,0.0,0.3252569750367008,0.0,0.3902349486049814,0.0,-0.2947870778267306,0.0,0.0,0.0,0.01908957415564548,0.0,-1.2150916663919436e-06
0.0,0.0,0.5653450807635871,-1.690895741556513,0.0,0.0,0.0,0.3252569750367019,0.0,0.3902349486049812,0.0,-0.29478707782673064,0.0,0.0,0.0,0.0,0.23054331864904623,-1.215091666250086e-06
0.0,0.0,0.5653450807635861,-1.6908957415565122,0.0,0.0,0.0,0.3252569750366968,0.0,0.3902349486049811,0.0,0.0,0.04662261380322441,0.0,-0.24963289280473427,0.0,0.0,-1.215091666285701e-06
0.0,0.0,0.565345080763589,-1.6908957415565107,0.0,0.0,0.0,0.3252569750366999,0.0,0.39023494860497665,0.0,0.0,0.04662261380322523,0.0,0.0,0.019089574155649165,0.0,-1.215091666268399e-06
0.0,0.0,0.5653450807635876,-1.6908957415565138,0.0,0.0,0.0,0.3252569750366968,0.0,0.3902349486049812,0.0,0.0,0.04662261380322652,0.0,0.0,0.0,0.23054331864903946,-1.2150916663923514e-06
0.0,0.0,0.5653450807635835,-1.69089574155651,0.0,0.0,0.0,0.32525697503670903,0.0,0.39023494860497976,0.0,0.0,0.0,0.24816446402349182,-0.24963289280472536,0.0,0.0,-1.2150916663916471e-06
0.0,0.0,0.5653450807635811,-1.6908957415565127,0.0,0.0,0.0,0.32525697503669637,0.0,0.390234948604979,0.0,0.0,0.0,0.24816446402349104,0.0,0.019089574155645408,0.0,-1.2150916662754073e-06
0.0,0.0,0.5653450807635817,-1.6908957415565138,0.0,0.0,0.0,0.3252569750366997,0.0,0.3902349486049794,0.0,0.0,0.0,0.24816446402349115,0.0,0.0,0.23054331864904679,-1.2150916662440553e-06
0.0,0.0,0.5653450807635835,-1.6908957415565162,0.0,0.0,0.0,0.32525697503670237,0.0,0.0,0.3153450807635775,-0.29478707782672664,0.0,0.0,-0.2496328928047245,0.0,0.0,-1.2150916664044077e-06
0.0,0.0,0.5653450807635846,-1.6908957415565162,0.0,0.0,0.0,0.3252569750367019,0.0,0.0,0.31534508076357826,-0.2947870778267281,0.0,0.0,0.0,0.019089574155646178,0.0,-1.2150916662934601e-06
0.0,0.0,0.5653450807635844,-1.6908957415565167,0.0,0.0,0.0,0.3252569750367006,0.0,0.0,0.3153450807635778,-0.2947870778267294,0.0,0.0,0.0,0.0,0.23054331864904276,-1.215091666464764e-06
0.0,0.0,0.5653450807635881,-1.690895741556514,0.0,0.0,0.0,0.3252569750366999,0.0,0.0,0.3153450807635775,0.0,0.04662261380322794,0.0,-0.2496328928047005,0.0,0.0,-1.215091666352102e-06
0.0,0.0,0.565345080763589,-1.690895741556518,0.0,0.0,0.0,0.32525697503670437,0.0,0.0,0.31534508076357726,0.0,0.04662261380322828,0.0,0.0,0.01908957415564176,0.0,-1.215091666389043e-06
0.0,0.0,0.5653450807635901,-1.6908957415565142,0.0,0.0,0.0,0.32525697503670103,0.0,0.0,0.31534508076357737,0.0,0.04662261380322921,0.0,0.0,0.0,0.23054331864904354,-1.2150916663932283e-06
0.0,0.0,0.5653450807635843,-1.690895741556519,0.0,0.0,0.0,0.32525697503670237,0.0,0.0,0.3153450807635785,0.0,0.0,0.24816446402349385,-0.24963289280470347,0.0,0.0,-1.215091666391689e-06
0.0,0.0,0.5653450807635823,-1.6908957415565224,0.0,0.0,0.0,0.3252569750367019,0.0,0.0,0.3153450807635778,0.0,0.0,0.24816446402349335,0.0,0.019089574155640807,0.0,-1.2150916663969311e-06
0.0,0.0,0.5653450807635871,-1.690895741556522,0.0,0.0,0.0,0.3252569750367003,0.0,0.0,0.31534508076357887,0.0,0.0,0.248164464023496,0.0,0.0,0.2305433186490425,-1.2150916663665328e-06
0.0,0.0,0.5653450807635786,0.0,1.6908957415565347,-0.4060205580029563,0.0,0.0,-0.705580029368567,0.0,0.0,-0.2947870778267178,0.0,0.0,-0.24963289280471232,0.0,0.0,-1.2150916665737063e-06
0.0,0.0,0.565345080763579,0.0,1.6908957415565362,-0.4060205580029551,0.0,0.0,-0.7055800293685667,0.0,0.0,-0.2947870778267178,0.0,0.0,0.0,0.01908957415565397,0.0,-1.2150916662676832e-06
0.0,0.0,0.5653450807635805,0.0,1.690895741556534,-0.40602055800295705,0.0,0.0,-0.7055800293685671,0.0,0.0,-0.2947870778267207,0.0,0.0,0.0,0.0,0.23054331864905672,-1.2150916661688809e-06
0.0,0.0,0.5653450807635771,0.0,1.690895741556538,-0.4060205580029524,0.0,0.0,-0.7055800293685678,0.0,0.0,0.0,0.04662261380323518,0.0,-0.24963289280470827,0.0,0.0,-1.21509166628949e-06
0.0,0.0,0.5653450807635791,0.0,1.6908957415565362,-0.4060205580029542,0.0,0.0,-0.7055800293685665,0.0,0.0,0.0,0.046622613803234805,0.0,0.0,0.019089574155671453,0.0,-1.215091666285064e-06
0.0,0.0,0.5653450807635789,0.0,1.6908957415565358,-0.406020558002952,0.0,0.0,-0.7055800293685667,0.0,0.0,0.0,0.046622613803232585,0.0,0.0,0.0,0.23054331864905078,-1.215091666347191e-06
0.0,0.0,0.5653450807635788,0.0,1.6908957415565349,-0.40602055800295217,0.0,0.0,-0.7055800293685704,0.0,0.0,0.0,0.0,0.24816446402349635,-0.24963289280469092,0.0,0.0,-1.215091666362531e-06
0.0,0.0,0.5653450807635789,0.0,1.6908957415565364,-0.40602055800295,0.0,0.0,-0.7055800293685669,0.0,0.0,0.0,0.0,0.24816446402349673,0.0,0.019089574155649013,0.0,-1.2150916662583576e-06
0.0,0.0,0.565345080763579,0.0,1.6908957415565353,-0.4060205580029509,0.0,0.0,-0.7055800293685662,0.0,0.0,0.0,0.0,0.24816446402349865,0.0,0.0,0.23054331864905173,-1.2150916663565122e-06
0.0,0.0,0.5653450807635789,0.0,1.6908957415565349,-0.406020558002954,0.0,0.0,0.0,0.39023494860499947,0.0,-0.2947870778267185,0.0,0.0,-0.2496328928046991,0.0,0.0,-1.2150916663557217e-06
0.0,0.0,0.5653450807635794,0.0,1.6908957415565322,-0.40602055800295234,0.0,0.0,0.0,0.39023494860500124,0.0,-0.2947870778267186,0.0,0.0,0.0,0.019089574155647993,0.0,-1.2150916664085772e-06
0.0,0.0,0.5653450807635837,0.0,1.6908957415565347,-0.4060205580029489,0.0,0.0,0.0,0.3902349486049979,0.0,-0.29478707782672114,0.0,0.0,0.0,0.0,0.23054331864904942,-1.2150916663710763e-06
0.0,0.0,0.5653450807635838,0.0,1.690895741556531,-0.4060205580029526,0.0,0.0,0.0,0.3902349486049983,0.0,0.0,0.04662261380323668,0.0,-0.24963289280469933,0.0,0.0,-1.2150916663529922e-06
0.0,0.0,0.5653450807635823,0.0,1.6908957415565322,-0.40602055800295195,0.0,0.0,0.0,0.39023494860499913,0.0,0.0,0.0466226138032372,0.0,0.0,0.01908957415565151,0.0,-1.2150916664220613e-06
0.0,0.0,0.5653450807635833,0.0,1.690895741556535,-0.4060205580029483,0.0,0.0,0.0,0.3902349486049976,0.0,0.0,0.046622613803236804,0.0,0.0,0.0,0.23054331864905098,-1.215091666346844e-06
0.0,0.0,0.5653450807635784,0.0,1.6908957415565335,-0.40602055800294884,0.0,0.0,0.0,0.3902349486050003,0.0,0.0,0.0,0.24816446402349684,-0.24963289280468606,0.0,0.0,-1.2150916663498569e-06
0.0,0.0,0.5653450807635793,0.0,1.6908957415565335,-0.40602055800295067,0.0,0.0,0.0,0.390234948604998,0.0,0.0,0.0,0.248164464023498,0.0,0.019089574155651795,0.0,-1.2150916662752642e-06
0.0,0.0,0.5653450807635793,0.0,1.6908957415565313,-0.40602055800294923,0.0,0.0,0.0,0.3902349486049991,0.0,0.0,0.0,0.24816446402349773,0.0,0.0,0.2305433186490539,-1.2150916664376516e-06
0.0,0.0,0.5653450807635835,0.0,1.6908957415565367,-0.4060205580029507,0.0,0.0,0.0,0.0,0.31534508076358464,-0.294787077826718,0.0,0.0,-0.24963289280472406,0.0,0.0,-1.215091666358286e-06
0.0,0.0,0.5653450807635867,0.0,1.690895741556534,-0.4060205580029522,0.0,0.0,0.0,0.0,0.3153450807635837,-0.29478707782672103,0.0,0.0,0.0,0.01908957415565143,0.0,-1.2150916665016087e-06
0.0,0.0,0.5653450807635849,0.0,1.6908957415565342,-0.40602055800295156,0.0,0.0,0.0,0.0,0.3153450807635828,-0.294787077826721,0.0,0.0,0.0,0.0,0.23054331864905228,-1.215091666165277e-06
0.0,0.0,0.5653450807635847,0.0,1.6908957415565389,-0.40602055800295,0.0,0.0,0.0,0.0,0.3153450807635865,0.0,0.0466226138032359,0.0,-0.24963289280472162,0.0,0.0,-1.2150916663528422e-06
0.0,0.0,0.5653450807635814,0.0,1.6908957415565349,-0.40602055800294634,0.0,0.0,0.0,0.0,0.3153450807635878,0.0,0.04662261380323096,0.0,0.0,0.01908957415565396,0.0,-1.2150916663484648e-06
0.0,0.0,0.5653450807635808,0.0,1.6908957415565333,-0.4060205580029498,0.0,0.0,0.0,0.0,0.3153450807635862,0.0,0.04662261380323568,0.0,0.0,0.0,0.23054331864905256,-1.2150916663476493e-06
0.0,0.0,0.5653450807635819,0.0,1.6908957415565282,-0.40602055800295556,0.0,0.0,0.0,0.0,0.315345080763584,0.0,0.0,0.24816446402349168,-0.24963289280472417,0.0,0.0,-1.2150916663506613e-06
0.0,0.0,0.5653450807635826,0.0,1.6908957415565335,-0.40602055800294884,0.0,0.0,0.0,0.0,0.31534508076358664,0.0,0.0,0.24816446402349557,0.0,0.019089574155645335,0.0,-1.215091666329287e-06
0.0,0.0,0.565345080763584,0.0,1.6908957415565313,-0.4060205580029489,0.0,0.0,0.0,0.0,0.3153450807635856,0.0,0.0,0.24816446402349612,0.0,0.0,0.23054331864904798,-1.2150916661755057e-06
0.0,0.0,0.5653450807635829,0.0,1.6908957415565342,0.0,0.08076358296624603,0.0,-0.705580029368562,0.0,0.0,-0.2947870778267208,0.0,0.0,-0.24963289280473044,0.0,0.0,-1.2150916663623068e-06
0.0,0.0,0.565345080763582,0.0,1.6908957415565327,0.0,0.08076358296624865,0.0,-0.7055800293685638,0.0,0.0,-0.29478707782672037,0.0,0.0,0.0,0.019089574155643038,0.0,-1.2150916662804226e-06
0.0,0.0,0.5653450807635898,0.0,1.690895741556533,0.0,0.08076358296623867,0.0,-0.7055800293685616,0.0,0.0,-0.2947870778267239,0.0,0.0,0.0,0.0,0.23054331864904115,-1.2150916663521991e-06
0.0,0.0,0.5653450807635835,0.0,1.690895741556535,0.0,0.08076358296624177,0.0,-0.7055800293685612,0.0,0.0,0.0,0.046622613803233036,0.0,-0.24963289280472828,0.0,0.0,-1.2150916663586076e-06
0.0,0.0,0.5653450807635789,0.0,1.6908957415565338,0.0,0.08076358296625243,0.0,-0.7055800293685635,0.0,0.0,0.0,0.04662261380323197,0.0,0.0,0.019089574155642317,0.0,-1.21509166626561e-06
0.0,0.0,0.5653450807635776,0.0,1.690895741556532,0.0,0.08076358296624975,0.0,-0.7055800293685666,0.0,0.0,0.0,0.04662261380323143,0.0,0.0,0.0,0.230543318649046,-1.2150916663534218e-06
0.0,0.0,0.5653450807635808,0.0,1.6908957415565349,0.0,0.0807635829662507,0.0,-0.7055800293685633,0.0,0.0,0.0,0.0,0.24816446402349424,-0.24963289280470213,0.0,0.0,-1.2150916665153383e-06
0.0,0.0,0.5653450807635803,0.0,1.69089574155653,0.0,0.0807635829662489,0.0,-0.7055800293685629,0.0,0.0,0.0,0.0,0.24816446402349873,0.0,0.019089574155662977,0.0,-1.2150916663535294e-06
0.0,0.0,0.5653450807635794,0.0,1.6908957415565347,0.0,0.08076358296625245,0.0,-0.7055800293685645,0.0,0.0,0.0,0.0,0.24816446402349224,0.0,0.0,0.2305433186490474,-1.2150916663598078e-06
0.0,0.0,0.5653450807635803,0.0,1.6908957415565353,0.0,0.08076358296624202,0.0,0.0,0.3902349486049948,0.0,-0.2947870778267205,0.0,0.0,-0.24963289280472412,0.0,0.0,-1.2150916663504627e-06
0.0,0.0,0.56534508076358,0.0,1.6908957415565335,0.0,0.08076358296624643,0.0,0.0,0.39023494860499447,0.0,-0.29478707782672353,0.0,0.0,0.0,0.019089574155650227,0.0,-1.215091666348777e-06
0.0,0.0,0.56534508076358,0.0,1.6908957415565349,0.0,0.0807635829662471,0.0,0.0,0.390234948604993,0.0,-0.2947870778267211,0.0,0.0,0.0,0.0,0.23054331864905245,-1.2150916663313822e-06
0.0,0.0,0.5653450807635796,0.0,1.690895741556531,0.0,0.08076358296624157,0.0,0.0,0.39023494860499447,0.0,0.0,0.04662261380323499,0.0,-0.24963289280472312,0.0,0.0,-1.2150916663463101e-06
0.0,0.0,0.5653450807635781,0.0,1.6908957415565327,0.0,0.0807635829662502,0.0,0.0,0.3902349486049967,0.0,0.0,0.04662261380323502,0.0,0.0,0.019089574155650012,0.0,-1.2150916662789327e-06
0.0,0.0,0.5653450807635806,0.0,1.6908957415565316,0.0,0.0807635829662491,0.0,0.0,0.3902349486049946,0.0,0.0,0.04662261380323312,0.0,0.0,0.0,0.23054331864905042,-1.2150916663415786e-06
0.0,0.0,0.5653450807635808,0.0,1.690895741556534,0.0,0.08076358296625004,0.0,0.0,0.39023494860499836,0.0,0.0,0.0,0.24816446402349684,-0.24963289280471368,0.0,0.0,-1.2150916663530193e-06
0.0,0.0,0.5653450807635786,0.0,1.6908957415565358,0.0,0.08076358296624557,0.0,0.0,0.39023494860499414,0.0,0.0,0.0,0.24816446402349734,0.0,0.01908957415564978,0.0,-1.2150916662618357e-06
0.0,0.0,0.5653450807635781,0.0,1.6908957415565316,0.0,0.08076358296624446,0.0,0.0,0.390234948604994,0.0,0.0,0.0,0.24816446402349707,0.0,0.0,0.23054331864904898,-1.2150916663394055e-06
0.0,0.0,0.5653450807635834,0.0,1.6908957415565349,0.0,0.08076358296625445,0.0,0.0,0.0,0.31534508076358536,-0.2947870778267273,0.0,0.0,-0.2496328928047112,0.0,0.0,-1.2150916663512746e-06
0.0,0.0,0.5653450807635826,0.0,1.6908957415565373,0.0,0.08076358296624644,0.0,0.0,0.0,0.31534508076358636,-0.29478707782672603,0.0,0.0,0.0,0.019089574155647684,0.0,-1.2150916663483676e-06
0.0,0.0,0.5653450807635815,0.0,1.6908957415565324,0.0,0.08076358296624844,0.0,0.0,0.0,0.31534508076358286,-0.2947870778267253,0.0,0.0,0.0,0.0,0.23054331864905336,-1.215091666413095e-06
0.0,0.0,0.5653450807635773,0.0,1.6908957415565273,0.0,0.08076358296624893,0.0,0.0,0.0,0.31534508076358914,0.0,0.046622613803228165,0.0,-0.24963289280468415,0.0,0.0,-1.2150916663462638e-06
0.0,0.0,0.5653450807635816,0.0,1.6908957415565402,0.0,0.08076358296624712,0.0,0.0,0.0,0.3153450807635866,0.0,0.04662261380323055,0.0,0.0,0.019089574155661405,0.0,-1.2150916662311719e-06
0.0,0.0,0.5653450807635814,0.0,1.6908957415565358,0.0,0.08076358296624624,0.0,0.0,0.0,0.3153450807635888,0.0,0.046622613803231995,0.0,0.0,0.0,0.23054331864905234,-1.2150916663412972e-06
0.0,0.0,0.5653450807635798,0.0,1.6908957415565355,0.0,0.08076358296624782,0.0,0.0,0.0,0.3153450807635859,0.0,0.0,0.24816446402349537,-0.24963289280469758,0.0,0.0,-1.2150916664590413e-06
0.0,0.0,0.5653450807635781,0.0,1.690895741556534,0.0,0.08076358296624468,0.0,0.0,0.0,0.31534508076358614,0.0,0.0,0.24816446402349768,0.0,0.019089574155650182,0.0,-1.2150916662130939e-06
0.0,0.0,0.5653450807635815,0.0,1.69089574155653,0.0,0.08076358296625134,0.0,0.0,0.0,0.31534508076358647,0.0,0.0,0.2481644640234945,0.0,0.0,0.23054331864904848,-1.2150916664122804e-06
0.0,0.0,0.5653450807635888,0.0,1.6908957415565256,0.0,0.0,0.3252569750367008,-0.7055800293685802,0.0,0.0,-0.29478707782672714,0.0,0.0,-0.24963289280473228,0.0,0.0,-1.2150916663596615e-06
0.0,0.0,0.5653450807635837,0.0,1.6908957415565233,0.0,0.0,0.32525697503670326,-0.7055800293685813,0.0,0.0,-0.29478707782672703,0.0,0.0,0.0,0.019089574155651375,0.0,-1.215091666360475e-06
0.0,0.0,0.5653450807635836,0.0,1.6908957415565349,0.0,0.0,0.3252569750366988,-0.7055800293685753,0.0,0.0,-0.29478707782672875,0.0,0.0,0.0,0.0,0.23054331864905384,-1.215091666475749e-06
0.0,0.0,0.5653450807635759,0.0,1.690895741556538,0.0,0.0,0.32525697503670037,-0.7055800293685751,0.0,0.0,0.0,0.046622613803230684,0.0,-0.24963289280472298,0.0,0.0,-1.2150916663576112e-06
0.0,0.0,0.565345080763573,0.0,1.6908957415565353,0.0,0.0,0.3252569750366994,-0.7055800293685764,0.0,0.0,0.0,0.04662261380323377,0.0,0.0,0.019089574155650258,0.0,-1.2150916663552622e-06
0.0,0.0,0.5653450807635801,0.0,1.6908957415565338,0.0,0.0,0.32525697503669854,-0.7055800293685769,0.0,0.0,0.0,0.046622613803231086,0.0,0.0,0.0,0.23054331864905434,-1.2150916664110425e-06
0.0,0.0,0.5653450807635814,0.0,1.6908957415565393,0.0,0.0,0.32525697503669987,-0.7055800293685751,0.0,0.0,0.0,0.0,0.24816446402349174,-0.24963289280471593,0.0,0.0,-1.2150916662776568e-06
0.0,0.0,0.565345080763585,0.0,1.6908957415565264,0.0,0.0,0.32525697503669504,-0.7055800293685799,0.0,0.0,0.0,0.0,0.2481644640234951,0.0,0.019089574155647708,0.0,-1.2150916663508896e-06
0.0,0.0,0.5653450807635853,0.0,1.6908957415565367,0.0,0.0,0.3252569750366977,-0.7055800293685764,0.0,0.0,0.0,0.0,0.2481644640234941,0.0,0.0,0.2305433186490504,-1.2150916662928206e-06
0.0,0.0,0.5653450807635826,0.0,1.69089574155653,0.0,0.0,0.32525697503669904,0.0,0.39023494860500063,0.0,-0.29478707782672986,0.0,0.0,-0.2496328928046835,0.0,0.0,-1.2150916663614163e-06
0.0,0.0,0.565345080763582,0.0,1.6908957415565313,0.0,0.0,0.3252569750366941,0.0,0.3902349486050003,0.0,-0.29478707782672664,0.0,0.0,0.0,0.019089574155651594,0.0,-1.2150916663480713e-06
0.0,0.0,0.5653450807635821,0.0,1.6908957415565287,0.0,0.0,0.3252569750367001,0.0,0.39023494860500063,0.0,-0.2947870778267247,0.0,0.0,0.0,0.0,0.23054331864904953,-1.2150916663382582e-06
0.0,0.0,0.5653450807635824,0.0,1.6908957415565313,0.0,0.0,0.3252569750366995,0.0,0.390234948605001,0.0,0.0,0.046622613803236145,0.0,-0.24963289280472276,0.0,0.0,-1.2150916663404995e-06
0.0,0.0,0.5653450807635766,0.0,1.6908957415565287,0.0,0.0,0.32525697503669343,0.0,0.3902349486049983,0.0,0.0,0.04662261380323061,0.0,0.0,0.019089574155652753,0.0,-1.2150916664335376e-06
0.0,0.0,0.5653450807635801,0.0,1.6908957415565309,0.0,0.0,0.32525697503669504,0.0,0.3902349486049971,0.0,0.0,0.046622613803234084,0.0,0.0,0.0,0.23054331864905292,-1.2150916663389388e-06
0.0,0.0,0.5653450807635833,0.0,1.6908957415565304,0.0,0.0,0.3252569750366977,0.0,0.39023494860500196,0.0,0.0,0.0,0.24816446402349582,-0.24963289280472123,0.0,0.0,-1.2150916663419488e-06
0.0,0.0,0.5653450807635817,0.0,1.6908957415565233,0.0,0.0,0.3252569750366932,0.0,0.3902349486049974,0.0,0.0,0.0,0.2481644640234905,0.0,0.01908957415565076,0.0,-1.2150916663440094e-06
0.0,0.0,0.5653450807635795,0.0,1.6908957415565251,0.0,0.0,0.3252569750367037,0.0,0.39023494860499863,0.0,0.0,0.0,0.24816446402349482,0.0,0.0,0.23054331864904848,-1.2150916663649025e-06
0.0,0.0,0.5653450807635798,0.0,1.6908957415565309,0.0,0.0,0.32525697503669926,0.0,0.0,0.3153450807635833,-0.2947870778267197,0.0,0.0,-0.24963289280472484,0.0,0.0,-1.2150916661975002e-06
0.0,0.0,0.5653450807635793,0.0,1.690895741556534,0.0,0.0,0.3252569750366948,0.0,0.0,0.31534508076358225,-0.2947870778267212,0.0,0.0,0.0,0.019089574155648426,0.0,-1.2150916664877729e-06
0.0,0.0,0.5653450807635896,0.0,1.690895741556526,0.0,0.0,0.3252569750366955,0.0,0.0,0.3153450807635805,-0.2947870778267255,0.0,0.0,0.0,0.0,0.23054331864904457,-1.21509166634344e-06
0.0,0.0,0.5653450807635818,0.0,1.690895741556534,0.0,0.0,0.3252569750367006,0.0,0.0,0.3153450807635844,0.0,0.046622613803238566,0.0,-0.2496328928047158,0.0,0.0,-1.2150916663449407e-06
0.0,0.0,0.5653450807635794,0.0,1.6908957415565335,0.0,0.0,0.32525697503669815,0.0,0.0,0.3153450807635847,0.0,0.046622613803237824,0.0,0.0,0.019089574155643826,0.0,-1.2150916663466811e-06
0.0,0.0,0.565345080763578,0.0,1.6908957415565316,0.0,0.0,0.32525697503669704,0.0,0.0,0.3153450807635849,0.0,0.04662261380323619,0.0,0.0,0.0,0.23054331864905062,-1.2150916663397492e-06
0.0,0.0,0.5653450807635856,0.0,1.6908957415565333,0.0,0.0,0.3252569750366986,0.0,0.0,0.3153450807635837,0.0,0.0,0.2481644640234954,-0.249632892804691,0.0,0.0,-1.215091666343972e-06
0.0,0.0,0.5653450807635837,0.0,1.6908957415565353,0.0,0.0,0.32525697503670126,0.0,0.0,0.315345080763586,0.0,0.0,0.2481644640234981,0.0,0.019089574155656746,0.0,-1.215091666435856e-06
0.0,0.0,0.5653450807635828,0.0,1.690895741556531,0.0,0.0,0.3252569750366999,0.0,0.0,0.3153450807635841,0.0,0.0,0.2481644640234951,0.0,0.0,0.2305433186490514,-1.2150916663511418e-06
